0.015|2026-07-25T05:38:07.633Z|43|Charging|7774000|NA|11400000|16431000|38000000|NA|NA|NA|NA|1|cpu 55321 0 49745 1419191 726 0 1652 0 0 0|795927|50000|3822904|3104044|1716090|176434|7403700|14165781|3|NA|NA
3.015|2026-07-25T05:38:10.631Z|43|Charging|7772000|NA|11400000|16431000|38000000|NA|NA|NA|NA|1|cpu 55447 0 49825 1420151 726 0 1654 0 0 0|795935|50000|3822904|3106412|1716090|176658|7414254|14184999|3|NA|NA
6.015|2026-07-25T05:38:13.608Z|43|Charging|7776000|NA|11400000|16431000|38000000|NA|NA|NA|NA|1|cpu 55496 0 49887 1421219 726 0 1655 0 0 0|795469|50000|3822904|3107640|1716090|176658|7419048|14192131|3|NA|NA
9.015|2026-07-25T05:38:16.599Z|43|Charging|7774000|NA|11400000|16431000|38000000|NA|NA|NA|NA|1|cpu 55533 0 49936 1422310 726 0 1656 0 0 0|795927|49000|3822904|3098876|1716090|176762|7423402|14202801|3|NA|NA
12.016|2026-07-25T05:38:19.608Z|43|Charging|7774000|NA|11400000|16431000|38000000|NA|NA|NA|NA|1|cpu 55612 0 50024 1423312 727 0 1658 0 0 0|795919|49000|3822904|3095192|1716090|176962|7429808|14215977|3|NA|NA
15.014|2026-07-25T05:38:22.614Z|43|Charging|7776000|NA|11400000|16431000|38000000|NA|NA|NA|NA|1|cpu 55663 0 50077 1424378 728 0 1659 0 0 0|795761|50000|3822904|3102184|1716090|177786|7433842|14226043|3|NA|NA
18.015|2026-07-25T05:38:25.611Z|43|Charging|7776000|NA|11400000|16431000|38000000|NA|NA|NA|NA|1|cpu 55732 0 50164 1425397 728 0 1661 0 0 0|795816|49000|3822904|3094640|1716090|177826|7440944|14238917|3|NA|NA
21.015|2026-07-25T05:38:28.597Z|43|Charging|7776000|NA|11400000|16431000|38000000|NA|NA|NA|NA|1|cpu 55785 0 50216 1426464 728 0 1662 0 0 0|796165|50000|3822904|3096660|1716090|177970|7444422|14248337|3|NA|NA
24.014|2026-07-25T05:38:31.617Z|43|Charging|7778000|NA|11400000|16431000|38000000|NA|NA|NA|NA|1|cpu 55860 0 50302 1427472 728 0 1663 0 0 0|795919|50000|3822904|3118988|1716090|177970|7451206|14260627|3|NA|NA
27.015|2026-07-25T05:38:34.601Z|43|Charging|7776000|NA|11400000|16431000|38000000|NA|NA|NA|NA|1|cpu 55952 0 50359 1428494 729 0 1663 0 0 0|796027|50000|3822904|3111576|1716090|178042|7455692|14271393|3|NA|NA
30.015|2026-07-25T05:38:37.610Z|43|Charging|7778000|NA|11400000|16431000|38000000|NA|NA|NA|NA|1|cpu 56014 0 50447 1429522 729 0 1665 0 0 0|795927|50000|3822904|3095684|1716090|178130|7462438|14283249|3|NA|NA
33.015|2026-07-25T05:38:40.617Z|43|Charging|7778000|NA|11400000|16431000|38000000|NA|NA|NA|NA|1|cpu 56068 0 50503 1430585 729 0 1666 0 0 0|795694|49000|3822904|3097216|1716122|178130|7466633|14293691|3|NA|NA
36.015|2026-07-25T05:38:43.607Z|44|Charging|7776000|NA|11400000|16818000|38000000|NA|NA|NA|NA|1|cpu 56153 0 50591 1431583 729 0 1668 0 0 0|795927|49000|3822904|3099648|1716122|178258|7473123|14305663|3|NA|NA
39.015|2026-07-25T05:38:46.602Z|44|Charging|7778000|NA|11400000|16818000|38000000|NA|NA|NA|NA|1|cpu 56188 0 50640 1432675 729 0 1669 0 0 0|795927|49000|3822904|3098276|1716122|178266|7476943|14315307|3|NA|NA
42.015|2026-07-25T05:38:49.614Z|44|Charging|7782000|NA|11400000|16818000|38000000|NA|NA|NA|NA|1|cpu 56265 0 50736 1433674 729 0 1671 0 0 0|795455|50000|3822904|3098412|1716122|178394|7484144|14328091|3|NA|NA
45.015|2026-07-25T05:38:52.622Z|44|Charging|7778000|NA|11400000|16818000|38000000|NA|NA|NA|NA|1|cpu 56317 0 50785 1434749 730 0 1671 0 0 0|795705|50000|3822904|3107168|1716122|178458|7486186|14332371|3|NA|NA
48.014|2026-07-25T05:38:55.651Z|44|Charging|7778000|NA|11400000|16818000|38000000|NA|NA|NA|NA|1|cpu 56369 0 50842 1435824 730 0 1673 0 0 0|795927|50000|3822904|3104560|1716122|178458|7490426|14343087|3|NA|NA
51.014|2026-07-25T05:38:58.619Z|44|Charging|7780000|NA|11400000|16818000|38000000|NA|NA|NA|NA|1|cpu 56439 0 50922 1436846 731 0 1674 0 0 0|795935|50000|3822904|3097940|1716122|178666|7495914|14351947|3|NA|NA
54.015|2026-07-25T05:39:01.623Z|44|Charging|7780000|NA|11400000|16818000|38000000|NA|NA|NA|NA|1|cpu 56496 0 50975 1437914 731 0 1675 0 0 0|795610|49000|3822904|3110300|1716122|178674|7498054|14356333|3|NA|NA
57.014|2026-07-25T05:39:04.594Z|44|Charging|7782000|NA|11400000|16818000|38000000|NA|NA|NA|NA|1|cpu 56717 0 51106 1438706 732 0 1676 0 0 0|795927|50000|3822904|3098892|1716122|178762|7504458|14370581|3|NA|NA
60.016|2026-07-25T05:39:07.609Z|44|Charging|7780000|NA|11400000|16818000|38000000|NA|NA|NA|NA|1|cpu 56756 0 51156 1439797 732 0 1677 0 0 0|796281|49000|3822904|3105512|1716122|178770|7507970|14376511|3|NA|NA
63.014|2026-07-25T05:39:10.596Z|44|Charging|7782000|NA|11400000|16818000|38000000|NA|NA|NA|NA|1|cpu 56810 0 51215 1440854 732 0 1679 0 0 0|795974|50000|3822904|3102740|1716122|178898|7512540|14387307|3|NA|NA
66.015|2026-07-25T05:39:13.612Z|44|Charging|7782000|NA|11400000|16818000|38000000|NA|NA|NA|NA|1|cpu 56886 0 51305 1441866 732 0 1680 0 0 0|795271|49000|3822904|3100664|1716122|178898|7518892|14398749|3|NA|NA
69.015|2026-07-25T05:39:16.615Z|44|Charging|7782000|NA|11400000|16818000|38000000|NA|NA|NA|NA|1|cpu 56923 0 51351 1442965 733 0 1680 0 0 0|795927|50000|3822904|3103056|1716122|179154|7521734|14403867|3|NA|NA
72.015|2026-07-25T05:39:19.607Z|44|Charging|7782000|NA|11400000|16818000|38000000|NA|NA|NA|NA|1|cpu 57007 0 51444 1443952 733 0 1682 0 0 0|795927|50000|3822904|3101376|1716122|179178|7529544|14420567|3|NA|NA
75.015|2026-07-25T05:39:22.604Z|44|Charging|7782000|NA|11400000|16818000|38000000|NA|NA|NA|NA|1|cpu 57058 0 51499 1445020 733 0 1683 0 0 0|795293|50000|3822904|3111708|1716122|179298|7533542|14431045|3|NA|NA
78.015|2026-07-25T05:39:25.611Z|44|Charging|7784000|NA|11400000|16818000|38000000|NA|NA|NA|NA|1|cpu 57122 0 51579 1446052 733 0 1684 0 0 0|796414|49000|3822904|3102784|1716122|179298|7540020|14442653|3|NA|NA
81.015|2026-07-25T05:39:28.610Z|44|Charging|7784000|NA|11400000|16818000|38000000|NA|NA|NA|NA|1|cpu 57159 0 51624 1447144 734 0 1685 0 0 0|796082|50000|3822904|3106820|1716122|179410|7543188|14449891|3|NA|NA
84.015|2026-07-25T05:39:31.632Z|44|Charging|7784000|NA|11400000|16818000|38000000|NA|NA|NA|NA|1|cpu 57243 0 51714 1448141 734 0 1687 0 0 0|795927|50000|3822904|3104748|1716122|179410|7550720|14465011|3|NA|NA
87.015|2026-07-25T05:39:34.603Z|44|Charging|7784000|NA|11400000|16818000|38000000|NA|NA|NA|NA|1|cpu 57347 0 51786 1449135 734 0 1688 0 0 0|795935|50000|3822904|3096040|1716122|179482|7555398|14476175|3|NA|NA
90.017|2026-07-25T05:39:37.622Z|44|Charging|7784000|NA|11400000|16818000|38000000|NA|NA|NA|NA|1|cpu 57413 0 51866 1450166 734 0 1689 0 0 0|795927|50000|3822904|3077656|1716122|179538|7562042|14487827|3|NA|NA
93.015|2026-07-25T05:39:40.600Z|44|Charging|7786000|NA|11400000|16818000|38000000|NA|NA|NA|NA|1|cpu 57470 0 51927 1451216 734 0 1690 0 0 0|795927|50000|3822904|3086932|1716122|179650|7567047|14499367|3|NA|NA
96.015|2026-07-25T05:39:43.607Z|44|Charging|7786000|NA|11400000|16818000|38000000|NA|NA|NA|NA|1|cpu 57550 0 52010 1452226 734 0 1691 0 0 0|795843|49000|3822904|3099844|1716122|179650|7572748|14509923|3|NA|NA
99.016|2026-07-25T05:39:46.601Z|44|Charging|7788000|NA|11400000|16818000|38000000|NA|NA|NA|NA|1|cpu 57586 0 52058 1453317 735 0 1692 0 0 0|795927|49000|3822904|3096380|1716122|179722|7576922|14520075|3|NA|NA
102.015|2026-07-25T05:39:49.637Z|44|Charging|7788000|NA|11400000|16818000|38000000|NA|NA|NA|NA|1|cpu 57651 0 52142 1454346 735 0 1694 0 0 0|795994|49000|3822904|3102204|1716122|179730|7583706|14532365|3|NA|NA
105.015|2026-07-25T05:39:52.618Z|44|Charging|7786000|NA|11400000|16818000|38000000|NA|NA|NA|NA|1|cpu 57721 0 52199 1455390 736 0 1695 0 0 0|795927|50000|3822904|3106444|1716122|179834|7587466|14540139|3|NA|NA
108.015|2026-07-25T05:39:55.607Z|44|Charging|7788000|NA|11400000|16818000|38000000|NA|NA|NA|NA|1|cpu 57788 0 52284 1456408 736 0 1697 0 0 0|795573|49000|3822904|3094896|1716122|179898|7594626|14554753|3|NA|NA
111.015|2026-07-25T05:39:58.618Z|44|Charging|7788000|NA|11400000|16818000|38000000|NA|NA|NA|NA|1|cpu 57847 0 52355 1457446 736 0 1699 0 0 0|796640|50000|3822904|3105488|1716122|180010|7600682|14570039|3|NA|NA
114.015|2026-07-25T05:40:01.613Z|44|Charging|7790000|NA|11400000|16818000|38000000|NA|NA|NA|NA|1|cpu 57906 0 52424 1458499 736 0 1699 0 0 0|795919|49000|3822904|3097156|1716122|180010|7605272|14577381|3|NA|NA
117.015|2026-07-25T05:40:04.602Z|44|Charging|7790000|NA|11400000|16818000|38000000|NA|NA|NA|NA|1|cpu 58009 0 52499 1459495 737 0 1700 0 0 0|796659|51000|3822904|3103556|1716122|180074|7609428|14588515|3|NA|NA
120.015|2026-07-25T05:40:07.614Z|44|Charging|7790000|NA|11400000|16818000|38000000|NA|NA|NA|NA|1|cpu 58071 0 52577 1460527 737 0 1701 0 0 0|795639|50000|3822904|3096020|1716122|180082|7615956|14600449|3|NA|NA
123.015|2026-07-25T05:40:10.606Z|45|Charging|7790000|NA|11400000|17198000|38000000|NA|NA|NA|NA|1|cpu 58130 0 52636 1461584 737 0 1702 0 0 0|795569|49000|3822904|3100888|1716122|180202|7620148|14610727|3|NA|NA
126.015|2026-07-25T05:40:13.592Z|45|Charging|7792000|NA|11400000|17198000|38000000|NA|NA|NA|NA|1|cpu 58283 0 52733 1462499 737 0 1704 0 0 0|795927|50000|3822904|3103900|1716122|180402|7633151|14629788|3|NA|NA
129.015|2026-07-25T05:40:16.616Z|45|Charging|7792000|NA|11400000|17198000|38000000|NA|NA|NA|NA|1|cpu 58315 0 52776 1463614 737 0 1704 0 0 0|795935|50000|3822904|3101252|1716122|180402|7635143|14633662|3|NA|NA
132.015|2026-07-25T05:40:19.613Z|45|Charging|7792000|NA|11400000|17198000|38000000|NA|NA|NA|NA|1|cpu 58381 0 52869 1464622 738 0 1706 0 0 0|795927|49000|3822904|3103384|1716122|180586|7644039|14651988|3|NA|NA
135.014|2026-07-25T05:40:22.626Z|45|Charging|7794000|NA|11400000|17198000|38000000|NA|NA|NA|NA|1|cpu 58433 0 52918 1465706 738 0 1706 0 0 0|795927|49000|3822904|3099580|1716122|180594|7644875|14653344|3|NA|NA
138.018|2026-07-25T05:40:25.611Z|45|Charging|7792000|NA|11400000|17198000|38000000|NA|NA|NA|NA|1|cpu 58512 0 53017 1466694 738 0 1708 0 0 0|795927|49000|3822904|3098888|1716122|180658|7654467|14673450|3|NA|NA
141.015|2026-07-25T05:40:28.618Z|45|Charging|7792000|NA|11400000|17198000|38000000|NA|NA|NA|NA|1|cpu 58546 0 53062 1467794 739 0 1709 0 0 0|795712|49000|3822904|3105192|1716122|180986|7657135|14678568|3|NA|NA
144.015|2026-07-25T05:40:31.606Z|45|Charging|7792000|NA|11400000|17198000|38000000|NA|NA|NA|NA|1|cpu 58629 0 53156 1468782 739 0 1710 0 0 0|795190|49000|3822904|3103676|1716122|180994|7665035|14695808|3|NA|NA
147.015|2026-07-25T05:40:34.642Z|45|Charging|7792000|NA|11400000|17198000|38000000|NA|NA|NA|NA|1|cpu 58682 0 53211 1469850 739 0 1711 0 0 0|795927|50000|3822904|3103464|1716122|181298|7668711|14705134|3|NA|NA
150.016|2026-07-25T05:40:37.618Z|45|Charging|7794000|NA|11400000|17198000|38000000|NA|NA|NA|NA|1|cpu 58795 0 53311 1470813 739 0 1712 0 0 0|795927|50000|3822904|3088236|1716122|181418|7676198|14718272|3|NA|NA
153.016|2026-07-25T05:40:40.671Z|45|Charging|7796000|NA|11400000|17198000|38000000|NA|NA|NA|NA|1|cpu 58834 0 53354 1471907 739 0 1714 0 0 0|795927|49000|3822904|3091572|1716122|181418|7679940|14727692|3|NA|NA
156.015|2026-07-25T05:40:43.605Z|45|Charging|7794000|NA|11400000|17198000|38000000|NA|NA|NA|NA|1|cpu 58934 0 53453 1472882 740 0 1715 0 0 0|795577|49000|3822904|3094780|1716122|181482|7686856|14740076|3|NA|NA
159.015|2026-07-25T05:40:46.596Z|45|Charging|7794000|NA|11400000|17198000|38000000|NA|NA|NA|NA|1|cpu 58968 0 53496 1473981 740 0 1716 0 0 0|795927|49000|3822904|3098504|1716122|181482|7690099|14747364|3|NA|NA
162.018|2026-07-25T05:40:49.610Z|45|Charging|7796000|NA|11400000|17198000|38000000|NA|NA|NA|NA|1|cpu 59037 0 53581 1475002 741 0 1718 0 0 0|795241|49000|3822904|3103180|1716122|181618|7697991|14762956|3|NA|NA
165.015|2026-07-25T05:40:52.598Z|45|Charging|7796000|NA|11400000|17198000|38000000|NA|NA|NA|NA|1|cpu 59086 0 53637 1476067 741 0 1719 0 0 0|795872|50000|3822904|3095376|1716122|181698|7702439|14773420|3|NA|NA
168.015|2026-07-25T05:40:55.609Z|45|Charging|7796000|NA|11400000|17198000|38000000|NA|NA|NA|NA|1|cpu 59163 0 53727 1477071 741 0 1721 0 0 0|795873|49000|3822904|3099628|1716122|181698|7709085|14785582|3|NA|NA
171.015|2026-07-25T05:40:58.615Z|45|Charging|7796000|NA|11400000|17198000|38000000|NA|NA|NA|NA|1|cpu 59202 0 53777 1478154 741 0 1722 0 0 0|795927|50000|3822904|3107208|1716122|181762|7713835|14797476|3|NA|NA
174.016|2026-07-25T05:41:01.608Z|45|Charging|7798000|NA|11400000|17198000|38000000|NA|NA|NA|NA|1|cpu 59287 0 53863 1479156 741 0 1724 0 0 0|795786|50000|3822904|3096568|1716122|181866|7719983|14808644|3|NA|NA
177.014|2026-07-25T05:41:04.610Z|45|Charging|7798000|NA|11400000|17198000|38000000|NA|NA|NA|NA|1|cpu 59357 0 53937 1480178 741 0 1725 0 0 0|795927|49000|3822904|3100128|1716122|181866|7725607|14823116|3|NA|NA
180.016|2026-07-25T05:41:07.625Z|45|Charging|7798000|NA|11400000|17198000|38000000|NA|NA|NA|NA|1|cpu 59446 0 54016 1481190 741 0 1726 0 0 0|795911|49000|3822904|3098708|1716122|181970|7730339|14830566|3|NA|NA
183.015|2026-07-25T05:41:10.619Z|45|Charging|7798000|NA|11400000|17198000|38000000|NA|NA|NA|NA|1|cpu 59490 0 54064 1482270 741 0 1727 0 0 0|795927|50000|3822904|3109904|1716122|181970|7735855|14844710|3|NA|NA
186.016|2026-07-25T05:41:13.615Z|45|Charging|7800000|NA|11400000|17198000|38000000|NA|NA|NA|NA|1|cpu 59564 0 54141 1483303 742 0 1728 0 0 0|795705|49000|3822904|3098256|1716122|182122|7741255|14853684|3|NA|NA
189.016|2026-07-25T05:41:16.620Z|45|Charging|7800000|NA|11400000|17198000|38000000|NA|NA|NA|NA|1|cpu 59612 0 54186 1484391 742 0 1728 0 0 0|795927|50000|3822904|3091120|1716122|182122|7742281|14855592|3|NA|NA
192.015|2026-07-25T05:41:19.609Z|45|Charging|7800000|NA|11400000|17198000|38000000|NA|NA|NA|NA|1|cpu 59684 0 54278 1485394 742 0 1731 0 0 0|795951|50000|3822904|3100424|1716122|182130|7752059|14875954|3|NA|NA
195.015|2026-07-25T05:41:22.613Z|45|Charging|7800000|NA|11400000|17198000|38000000|NA|NA|NA|NA|1|cpu 59737 0 54330 1486469 742 0 1731 0 0 0|795927|49000|3822904|3100820|1716122|182266|7754607|14880600|3|NA|NA
198.014|2026-07-25T05:41:25.610Z|45|Charging|7800000|NA|11400000|17198000|38000000|NA|NA|NA|NA|1|cpu 59813 0 54421 1487464 743 0 1733 0 0 0|795919|49000|3822904|3108244|1716122|182330|7762637|14897852|3|NA|NA
201.015|2026-07-25T05:41:28.620Z|45|Charging|7802000|NA|11400000|17198000|38000000|NA|NA|NA|NA|1|cpu 59850 0 54464 1488566 743 0 1733 0 0 0|795949|49000|3822904|3097388|1716122|182386|7764601|14901540|3|NA|NA
204.014|2026-07-25T05:41:31.623Z|45|Charging|7802000|NA|11400000|17198000|38000000|NA|NA|NA|NA|1|cpu 59917 0 54549 1489582 743 0 1735 0 0 0|795247|49000|3822904|3098376|1716122|182386|7773436|14919834|3|NA|NA
207.015|2026-07-25T05:41:34.613Z|45|Charging|7802000|NA|11400000|17198000|38000000|NA|NA|NA|NA|1|cpu 59983 0 54607 1490635 743 0 1736 0 0 0|796658|49000|3822904|3098648|1716122|182466|7776118|14926330|3|NA|NA
210.015|2026-07-25T05:41:37.617Z|45|Charging|7802000|NA|11400000|17198000|38000000|NA|NA|NA|NA|1|cpu 60103 0 54709 1491579 744 0 1738 0 0 0|795927|49000|3822904|3098456|1716122|182570|7784058|14941922|3|NA|NA
213.015|2026-07-25T05:41:40.602Z|45|Charging|7804000|NA|11400000|17198000|38000000|NA|NA|NA|NA|1|cpu 60144 0 54752 1492672 744 0 1739 0 0 0|796174|50000|3822904|3097660|1716122|182570|7787810|14951412|3|NA|NA
216.015|2026-07-25T05:41:43.606Z|46|Charging|7802000|NA|11400000|17578000|38000000|NA|NA|NA|NA|1|cpu 60220 0 54848 1493674 745 0 1741 0 0 0|795919|49000|3822904|3099836|1716122|182690|7794852|14963856|3|NA|NA
219.014|2026-07-25T05:41:46.603Z|46|Charging|7804000|NA|11400000|17578000|38000000|NA|NA|NA|NA|1|cpu 60271 0 54902 1494742 745 0 1742 0 0 0|795590|49000|3822904|3107912|1716122|182690|7799194|14974322|3|NA|NA
222.015|2026-07-25T05:41:49.606Z|46|Charging|7804000|NA|11400000|17578000|38000000|NA|NA|NA|NA|1|cpu 60336 0 54986 1495770 745 0 1743 0 0 0|795541|50000|3822904|3093316|1716122|182882|7805825|14986048|3|NA|NA
225.015|2026-07-25T05:41:52.615Z|46|Charging|7804000|NA|11400000|17578000|38000000|NA|NA|NA|NA|1|cpu 60390 0 55045 1496830 745 0 1744 0 0 0|795919|50000|3822904|3098172|1716122|182890|7810715|14997712|3|NA|NA
228.017|2026-07-25T05:41:55.608Z|46|Charging|7806000|NA|11400000|17578000|38000000|NA|NA|NA|NA|1|cpu 60469 0 55131 1497842 745 0 1745 0 0 0|795911|50000|3822904|3104884|1716122|182890|7816289|15007676|3|NA|NA
231.015|2026-07-25T05:41:58.609Z|46|Charging|7804000|NA|11400000|17578000|38000000|NA|NA|NA|NA|1|cpu 60507 0 55182 1498925 745 0 1746 0 0 0|795927|50000|3822904|3105972|1716122|182954|7821321|15019442|3|NA|NA
234.016|2026-07-25T05:42:01.613Z|46|Charging|7806000|NA|11400000|17578000|38000000|NA|NA|NA|NA|1|cpu 60570 0 55259 1499964 745 0 1748 0 0 0|795935|50000|3822904|3090040|1716122|182962|7827085|15029929|3|NA|NA
237.014|2026-07-25T05:42:04.610Z|46|Charging|7806000|NA|11400000|17578000|38000000|NA|NA|NA|NA|1|cpu 60621 0 55318 1501023 746 0 1749 0 0 0|795214|50000|3822904|3103648|1716122|183058|7831847|15041341|3|NA|NA
240.016|2026-07-25T05:42:07.626Z|46|Charging|7806000|NA|11400000|17578000|38000000|NA|NA|NA|NA|1|cpu 60753 0 55416 1501970 746 0 1750 0 0 0|796652|50000|3822904|3091152|1716122|183202|7837611|15051639|3|NA|NA
243.015|2026-07-25T05:42:10.599Z|46|Charging|7808000|NA|11400000|17578000|38000000|NA|NA|NA|NA|1|cpu 60795 0 55463 1503057 746 0 1751 0 0 0|796222|50000|3822904|3100984|1716122|183210|7841711|15061659|3|NA|NA
246.015|2026-07-25T05:42:13.612Z|46|Charging|7808000|NA|11400000|17578000|38000000|NA|NA|NA|NA|1|cpu 60876 0 55552 1504064 747 0 1753 0 0 0|795903|50000|3822904|3097948|1716122|183330|7848921|15074373|3|NA|NA
249.014|2026-07-25T05:42:16.615Z|46|Charging|7808000|NA|11400000|17578000|38000000|NA|NA|NA|NA|1|cpu 61002 0 55614 1505055 747 0 1754 0 0 0|795903|50000|3822904|3104152|1716122|183330|7857914|15090062|3|NA|NA
252.015|2026-07-25T05:42:19.608Z|46|Charging|7806000|NA|11400000|17578000|38000000|NA|NA|NA|NA|1|cpu 61069 0 55706 1506065 747 0 1756 0 0 0|795232|49000|3822904|3106944|1716122|183554|7866546|15104202|3|NA|NA
255.015|2026-07-25T05:42:22.599Z|46|Charging|7810000|NA|11400000|17578000|38000000|NA|NA|NA|NA|1|cpu 61107 0 55750 1507156 747 0 1757 0 0 0|795927|50000|3822904|3102824|1716122|183690|7871422|15115554|3|NA|NA
258.016|2026-07-25T05:42:25.607Z|46|Charging|7808000|NA|11400000|17578000|38000000|NA|NA|NA|NA|1|cpu 61204 0 55848 1508137 747 0 1758 0 0 0|795935|50000|3822904|3096820|1716122|183810|7877823|15126558|3|NA|NA
261.015|2026-07-25T05:42:28.608Z|46|Charging|7808000|NA|11400000|17578000|38000000|NA|NA|NA|NA|1|cpu 61240 0 55894 1509226 748 0 1759 0 0 0|795927|50000|3822904|3104692|1716122|183922|7882393|15137308|3|NA|NA
264.015|2026-07-25T05:42:31.606Z|46|Charging|7812000|NA|11400000|17578000|38000000|NA|NA|NA|NA|1|cpu 61304 0 55972 1510263 748 0 1759 0 0 0|795911|50000|3822904|3107156|1716122|184226|7888295|15148316|3|NA|NA
267.014|2026-07-25T05:42:34.605Z|46|Charging|7812000|NA|11400000|17578000|38000000|NA|NA|NA|NA|1|cpu 61356 0 56017 1511348 748 0 1759 0 0 0|795935|50000|3822904|3095980|1716122|184226|7888631|15148646|3|NA|NA
270.015|2026-07-25T05:42:37.656Z|46|Charging|7810000|NA|11400000|17578000|38000000|NA|NA|NA|NA|1|cpu 61469 0 56101 1512333 749 0 1761 0 0 0|795845|52000|3822904|3096640|1716122|184322|7894447|15162462|3|NA|NA
273.015|2026-07-25T05:42:40.609Z|46|Charging|7810000|NA|11400000|17578000|38000000|NA|NA|NA|NA|1|cpu 61527 0 56175 1513374 749 0 1762 0 0 0|795911|50000|3822904|3091908|1716122|184354|7899935|15171088|3|NA|NA
276.015|2026-07-25T05:42:43.621Z|46|Charging|7812000|NA|11400000|17578000|38000000|NA|NA|NA|NA|1|cpu 61602 0 56251 1514397 749 0 1763 0 0 0|795179|51000|3822904|3098744|1716122|184482|7905733|15185854|3|NA|NA
279.016|2026-07-25T05:42:46.607Z|46|Charging|7814000|NA|11400000|17578000|38000000|NA|NA|NA|NA|1|cpu 61657 0 56319 1515449 749 0 1764 0 0 0|795927|50000|3822904|3100368|1716122|184482|7910527|15192892|3|NA|NA
282.015|2026-07-25T05:42:49.609Z|46|Charging|7814000|NA|11400000|17578000|38000000|NA|NA|NA|NA|1|cpu 61716 0 56390 1516489 749 0 1765 0 0 0|795927|50000|3822904|3107144|1716122|184554|7916961|15208212|3|NA|NA
285.016|2026-07-25T05:42:52.618Z|46|Charging|7814000|NA|11400000|17578000|38000000|NA|NA|NA|NA|1|cpu 61757 0 56449 1517570 749 0 1766 0 0 0|795935|50000|3822904|3104552|1716122|184562|7921488|15215014|3|NA|NA
288.015|2026-07-25T05:42:55.645Z|46|Charging|7814000|NA|11400000|17578000|38000000|NA|NA|NA|NA|1|cpu 61832 0 56527 1518585 750 0 1768 0 0 0|797027|51000|3822904|3110176|1716122|184690|7928004|15230568|3|NA|NA
291.016|2026-07-25T05:42:58.616Z|46|Charging|7812000|NA|11400000|17578000|38000000|NA|NA|NA|NA|1|cpu 61892 0 56601 1519632 750 0 1769 0 0 0|795919|50000|3822904|3099376|1716122|184794|7932984|15238088|3|NA|NA
294.015|2026-07-25T05:43:01.619Z|46|Charging|7814000|NA|11400000|17578000|38000000|NA|NA|NA|NA|1|cpu 61950 0 56667 1520679 751 0 1770 0 0 0|795927|50000|3822904|3104076|1716122|184914|7939364|15253536|3|NA|NA
297.014|2026-07-25T05:43:04.607Z|46|Charging|7814000|NA|11400000|17578000|38000000|NA|NA|NA|NA|1|cpu 62010 0 56737 1521728 751 0 1771 0 0 0|795927|50000|3822904|3092432|1716122|184914|7943798|15260338|3|NA|NA
300.015|2026-07-25T05:43:07.687Z|46|Charging|7814000|NA|11400000|17578000|38000000|NA|NA|NA|NA|1|cpu 62084 0 56814 1522738 751 0 1772 0 0 0|795927|50000|3822904|3103692|1716122|184978|7951344|15276842|3|NA|NA
303.017|2026-07-25T05:43:10.609Z|46|Charging|7814000|NA|11400000|17578000|38000000|NA|NA|NA|NA|1|cpu 62185 0 56891 1523752 751 0 1773 0 0 0|795927|50000|3822904|3106556|1716122|184986|7954796|15282978|3|NA|NA
306.015|2026-07-25T05:43:13.612Z|47|Charging|7816000|NA|11400000|17966000|38000000|NA|NA|NA|NA|1|cpu 62242 0 56967 1524784 752 0 1774 0 0 0|795927|51000|3822904|3099836|1716122|185138|7962486|15299792|3|NA|NA
309.015|2026-07-25T05:43:16.613Z|47|Charging|7816000|NA|11400000|17966000|38000000|NA|NA|NA|NA|1|cpu 62314 0 57035 1525829 752 0 1775 0 0 0|796263|50000|3822904|3107664|1716122|185218|7965382|15304852|3|NA|NA
312.015|2026-07-25T05:43:19.625Z|47|Charging|7818000|NA|11400000|17966000|38000000|NA|NA|NA|NA|1|cpu 62375 0 57105 1526867 752 0 1777 0 0 0|795927|50000|3822904|3104160|1716162|185226|7971945|15320266|3|NA|NA
315.015|2026-07-25T05:43:22.604Z|47|Charging|7818000|NA|11400000|17966000|38000000|NA|NA|NA|NA|1|cpu 62413 0 57169 1527946 752 0 1778 0 0 0|795927|50000|3822904|3106184|1716162|185330|7976817|15327668|3|NA|NA
318.015|2026-07-25T05:43:25.629Z|47|Charging|7818000|NA|11400000|17966000|38000000|NA|NA|NA|NA|1|cpu 62468 0 57227 1529007 752 0 1779 0 0 0|796275|50000|3822904|3102972|1716162|185338|7981851|15341388|3|NA|NA
321.015|2026-07-25T05:43:28.618Z|47|Charging|7818000|NA|11400000|17966000|38000000|NA|NA|NA|NA|1|cpu 62545 0 57308 1530034 752 0 1780 0 0 0|795919|51000|3822904|3107976|1716162|185402|7987531|15350108|3|NA|NA
324.015|2026-07-25T05:43:31.635Z|47|Charging|7818000|NA|11400000|17966000|38000000|NA|NA|NA|NA|1|cpu 62607 0 57377 1531075 753 0 1782 0 0 0|795199|50000|3822904|3103752|1716162|185538|7993767|15365554|3|NA|NA
327.014|2026-07-25T05:43:34.614Z|47|Charging|7818000|NA|11400000|17966000|38000000|NA|NA|NA|NA|1|cpu 62659 0 57441 1532143 753 0 1782 0 0 0|795927|50000|3822904|3094176|1716162|185538|7997453|15371124|3|NA|NA
330.014|2026-07-25T05:43:37.611Z|47|Charging|7820000|NA|11400000|17966000|38000000|NA|NA|NA|NA|1|cpu 62745 0 57533 1533130 753 0 1784 0 0 0|796100|50000|3822904|3095624|1716162|185658|8005533|15388280|3|NA|NA
333.014|2026-07-25T05:43:40.608Z|47|Charging|7820000|NA|11400000|17966000|38000000|NA|NA|NA|NA|1|cpu 62836 0 57601 1534157 753 0 1784 0 0 0|795935|50000|3822904|3092184|1716162|185666|8009093|15393846|3|NA|NA
336.015|2026-07-25T05:43:43.614Z|47|Charging|7820000|NA|11400000|17966000|38000000|NA|NA|NA|NA|1|cpu 62889 0 57667 1535206 753 0 1786 0 0 0|795919|50000|3822904|3101116|1716162|185666|8016095|15409576|3|NA|NA
339.016|2026-07-25T05:43:46.631Z|47|Charging|7820000|NA|11400000|17966000|38000000|NA|NA|NA|NA|1|cpu 62946 0 57737 1536258 753 0 1787 0 0 0|796338|50000|3822904|3101092|1716162|185802|8020159|15415920|3|NA|NA
342.016|2026-07-25T05:43:49.624Z|47|Charging|7822000|NA|11400000|17966000|38000000|NA|NA|NA|NA|1|cpu 63005 0 57798 1537311 753 0 1787 0 0 0|795927|50000|3822904|3099636|1716162|185810|8026419|15430442|3|NA|NA
345.015|2026-07-25T05:43:52.607Z|47|Charging|7824000|NA|11400000|17966000|38000000|NA|NA|NA|NA|1|cpu 63066 0 57865 1538368 754 0 1789 0 0 0|796233|50000|3822904|3096896|1716162|185914|8031138|15438290|3|NA|NA
348.015|2026-07-25T05:43:55.607Z|47|Charging|7820000|NA|11400000|17966000|38000000|NA|NA|NA|NA|1|cpu 63121 0 57923 1539425 754 0 1790 0 0 0|795927|50000|3822904|3103740|1716162|186082|8036096|15449970|3|NA|NA
351.017|2026-07-25T05:43:58.622Z|47|Charging|7822000|NA|11400000|17966000|38000000|NA|NA|NA|NA|1|cpu 63200 0 58010 1540439 754 0 1792 0 0 0|795927|50000|3822904|3083896|1716162|186082|8041920|15460398|3|NA|NA
354.015|2026-07-25T05:44:01.640Z|47|Charging|7822000|NA|11400000|17966000|38000000|NA|NA|NA|NA|1|cpu 63257 0 58071 1541499 755 0 1793 0 0 0|795936|50000|3822904|3097520|1716162|186218|8047754|15474496|3|NA|NA
357.015|2026-07-25T05:44:04.615Z|47|Charging|7824000|NA|11400000|17966000|38000000|NA|NA|NA|NA|1|cpu 63305 0 58138 1542560 755 0 1794 0 0 0|796087|50000|3822904|3096152|1716162|186234|8052734|15482556|3|NA|NA
360.015|2026-07-25T05:44:07.653Z|47|Charging|7824000|NA|11400000|17966000|38000000|NA|NA|NA|NA|1|cpu 63397 0 58221 1543557 755 0 1795 0 0 0|795751|50000|3822904|3108072|1716162|186322|8058544|15497310|3|NA|NA
363.017|2026-07-25T05:44:10.610Z|47|Charging|7824000|NA|11400000|17966000|38000000|NA|NA|NA|NA|1|cpu 63594 0 58350 1544382 755 0 1796 0 0 0|795935|50000|3822904|3109900|1716162|186378|8064490|15506053|3|NA|NA
366.014|2026-07-25T05:44:13.602Z|47|Charging|7824000|NA|11400000|17966000|38000000|NA|NA|NA|NA|1|cpu 63628 0 58399 1545473 756 0 1797 0 0 0|795593|50000|3822904|3096300|1716162|186506|8069021|15517229|3|NA|NA
369.016|2026-07-25T05:44:16.616Z|47|Charging|7824000|NA|11400000|17966000|38000000|NA|NA|NA|NA|1|cpu 63708 0 58489 1546482 756 0 1798 0 0 0|796286|50000|3822904|3097740|1716162|186506|8074575|15527257|3|NA|NA
372.014|2026-07-25T05:44:19.623Z|47|Charging|7826000|NA|11400000|17966000|38000000|NA|NA|NA|NA|1|cpu 63766 0 58549 1547532 757 0 1799 0 0 0|795570|50000|3822904|3107604|1716162|186602|8080229|15542585|3|NA|NA
375.015|2026-07-25T05:44:22.592Z|47|Charging|7826000|NA|11400000|17966000|38000000|NA|NA|NA|NA|1|cpu 63894 0 58632 1548499 757 0 1800 0 0 0|795919|50000|3822904|3101532|1716162|186610|8091374|15557440|3|NA|NA
378.015|2026-07-25T05:44:25.666Z|47|Charging|7826000|NA|11400000|17966000|38000000|NA|NA|NA|NA|1|cpu 63959 0 58701 1549543 757 0 1802 0 0 0|796024|51000|3822904|3093652|1716162|186778|8098022|15572994|3|NA|NA
381.014|2026-07-25T05:44:28.609Z|47|Charging|7828000|NA|11400000|17966000|38000000|NA|NA|NA|NA|1|cpu 64034 0 58776 1550571 757 0 1803 0 0 0|795715|50000|3822904|3114140|1716162|186930|8102432|15579866|3|NA|NA
384.015|2026-07-25T05:44:31.621Z|47|Charging|7828000|NA|11400000|17966000|38000000|NA|NA|NA|NA|1|cpu 64094 0 58841 1551616 757 0 1804 0 0 0|795927|50000|3822904|3102312|1716162|186938|8109160|15595516|3|NA|NA
387.016|2026-07-25T05:44:34.615Z|47|Charging|7828000|NA|11400000|17966000|38000000|NA|NA|NA|NA|1|cpu 64135 0 58901 1552699 758 0 1805 0 0 0|795927|50000|3822904|3106616|1716162|187058|8113594|15602224|3|NA|NA
390.014|2026-07-25T05:44:37.669Z|47|Charging|7830000|NA|11400000|17966000|38000000|NA|NA|NA|NA|1|cpu 64216 0 58984 1553705 759 0 1806 0 0 0|795801|50000|3822904|3102076|1716162|187466|8120350|15618116|3|NA|NA
393.015|2026-07-25T05:44:40.606Z|47|Charging|7828000|NA|11400000|17966000|38000000|NA|NA|NA|NA|1|cpu 64327 0 59062 1554691 759 0 1807 0 0 0|796774|50000|3822904|3109852|1716162|187482|8124772|15624770|3|NA|NA
396.015|2026-07-25T05:44:43.627Z|47|Charging|7828000|NA|11400000|17966000|38000000|NA|NA|NA|NA|1|cpu 64384 0 59129 1555738 759 0 1808 0 0 0|796120|51000|3822904|3106316|1716162|187482|8131330|15639900|3|NA|NA
399.015|2026-07-25T05:44:46.608Z|48|Charging|7830000|NA|11400000|18346000|38000000|NA|NA|NA|NA|1|cpu 64446 0 59198 1556785 759 0 1809 0 0 0|795919|51000|3822904|3104400|1716162|187594|8135866|15646668|3|NA|NA
402.015|2026-07-25T05:44:49.619Z|48|Charging|7832000|NA|11400000|18346000|38000000|NA|NA|NA|NA|1|cpu 64516 0 59278 1557803 760 0 1811 0 0 0|795927|51000|3822904|3102392|1716162|187786|8142720|15662398|3|NA|NA
405.016|2026-07-25T05:44:52.617Z|48|Charging|7830000|NA|11400000|18346000|38000000|NA|NA|NA|NA|1|cpu 64559 0 59337 1558885 760 0 1811 0 0 0|796202|50000|3822904|3106480|1716162|187786|8146634|15668486|3|NA|NA
408.015|2026-07-25T05:44:55.624Z|48|Charging|7832000|NA|11400000|18346000|38000000|NA|NA|NA|NA|1|cpu 64623 0 59402 1559927 761 0 1812 0 0 0|795927|51000|3822904|3083160|1716162|187898|8152871|15683628|3|NA|NA
411.015|2026-07-25T05:44:58.607Z|48|Charging|7832000|NA|11400000|18346000|38000000|NA|NA|NA|NA|1|cpu 64698 0 59483 1560950 761 0 1813 0 0 0|795798|50000|3822904|3097352|1716162|187906|8157445|15690884|3|NA|NA
414.015|2026-07-25T05:45:01.600Z|48|Charging|7834000|NA|11400000|18346000|38000000|NA|NA|NA|NA|1|cpu 64735 0 59531 1562038 761 0 1814 0 0 0|796133|50000|3822904|3099944|1716162|188050|8161283|15700588|3|NA|NA
417.015|2026-07-25T05:45:04.614Z|48|Charging|7832000|NA|11400000|18346000|38000000|NA|NA|NA|NA|1|cpu 64800 0 59613 1563070 761 0 1815 0 0 0|795549|50000|3822904|3088316|1716162|188050|8167923|15712608|3|NA|NA
420.015|2026-07-25T05:45:07.598Z|48|Charging|7834000|NA|11400000|18346000|38000000|NA|NA|NA|NA|1|cpu 64857 0 59672 1564127 762 0 1816 0 0 0|795927|51000|3822904|3101780|1716162|188226|8173400|15726200|3|NA|NA
423.016|2026-07-25T05:45:10.617Z|48|Charging|7834000|NA|11400000|18346000|38000000|NA|NA|NA|NA|1|cpu 64982 0 59775 1565079 762 0 1817 0 0 0|795935|51000|3822904|3095620|1716162|188234|8178942|15734802|3|NA|NA
426.014|2026-07-25T05:45:13.622Z|48|Charging|7834000|NA|11400000|18346000|38000000|NA|NA|NA|NA|1|cpu 65045 0 59841 1566119 762 0 1818 0 0 0|795919|51000|3822904|3103108|1716162|188618|8185046|15750050|3|NA|NA
429.015|2026-07-25T05:45:16.643Z|48|Charging|7836000|NA|11400000|18346000|38000000|NA|NA|NA|NA|1|cpu 65087 0 59902 1567197 762 0 1818 0 0 0|795935|50000|3822904|3105104|1716162|188650|8189870|15756946|3|NA|NA
432.015|2026-07-25T05:45:19.641Z|48|Charging|7836000|NA|11400000|18346000|38000000|NA|NA|NA|NA|1|cpu 65178 0 59995 1568186 763 0 1819 0 0 0|795560|51000|3822904|3106256|1716162|188738|8196350|15772662|3|NA|NA
435.015|2026-07-25T05:45:22.623Z|48|Charging|7836000|NA|11400000|18346000|38000000|NA|NA|NA|NA|1|cpu 65217 0 60054 1569268 763 0 1820 0 0 0|795935|50000|3822904|3097988|1716162|188834|8200570|15779304|3|NA|NA
438.015|2026-07-25T05:45:25.615Z|48|Charging|7834000|NA|11400000|18346000|38000000|NA|NA|NA|NA|1|cpu 65281 0 60121 1570310 763 0 1822 0 0 0|795927|51000|3822904|3110048|1716162|188834|8207114|15794716|3|NA|NA
441.015|2026-07-25T05:45:28.613Z|48|Charging|7838000|NA|11400000|18346000|38000000|NA|NA|NA|NA|1|cpu 65337 0 60191 1571359 763 0 1823 0 0 0|795927|51000|3822904|3092832|1716306|188938|8211818|15802012|3|NA|NA
444.016|2026-07-25T05:45:31.636Z|48|Charging|7836000|NA|11400000|18346000|38000000|NA|NA|NA|NA|1|cpu 65412 0 60268 1572382 763 0 1825 0 0 0|795919|51000|3822904|3095908|1716306|188946|8217862|15817238|3|NA|NA
447.016|2026-07-25T05:45:34.608Z|48|Charging|7838000|NA|11400000|18346000|38000000|NA|NA|NA|NA|1|cpu 65457 0 60333 1573454 763 0 1826 0 0 0|795927|51000|3822904|3097044|1716306|189058|8223022|15824370|3|NA|NA
450.015|2026-07-25T05:45:37.637Z|48|Charging|7838000|NA|11400000|18346000|38000000|NA|NA|NA|NA|1|cpu 65537 0 60413 1574472 764 0 1827 0 0 0|795919|51000|3822904|3100716|1716306|189114|8229436|15840086|3|NA|NA
453.015|2026-07-25T05:45:40.639Z|48|Charging|7838000|NA|11400000|18346000|38000000|NA|NA|NA|NA|1|cpu 65593 0 60482 1575521 764 0 1828 0 0 0|795733|51000|3822904|3096040|1716306|189122|8233774|15846680|3|NA|NA
456.016|2026-07-25T05:45:43.612Z|48|Charging|7840000|NA|11400000|18346000|38000000|NA|NA|NA|NA|1|cpu 65709 0 60564 1576486 764 0 1830 0 0 0|796996|51000|3822904|3087380|1716306|189266|8240746|15862726|3|NA|NA
459.015|2026-07-25T05:45:46.606Z|48|Charging|7840000|NA|11400000|18346000|38000000|NA|NA|NA|NA|1|cpu 65748 0 60619 1577582 764 0 1830 0 0 0|795927|51000|3822904|3090156|1716306|189266|8244576|15868754|3|NA|NA
462.015|2026-07-25T05:45:49.617Z|48|Charging|7842000|NA|11400000|18346000|38000000|NA|NA|NA|NA|1|cpu 65813 0 60677 1578638 764 0 1831 0 0 0|795726|51000|3822904|3102372|1716306|189330|8245936|15871328|3|NA|NA
465.015|2026-07-25T05:45:52.620Z|48|Charging|7840000|NA|11400000|18346000|38000000|NA|NA|NA|NA|1|cpu 65878 0 60766 1579651 764 0 1832 0 0 0|795927|51000|3822904|3108952|1716306|189346|8255444|15891206|3|NA|NA
468.015|2026-07-25T05:45:55.617Z|48|Charging|7840000|NA|11400000|18346000|38000000|NA|NA|NA|NA|1|cpu 65920 0 60803 1580759 765 0 1833 0 0 0|795927|51000|3822904|3105936|1716306|189450|8256508|15892892|3|NA|NA
471.016|2026-07-25T05:45:58.593Z|48|Charging|7842000|NA|11400000|18346000|38000000|NA|NA|NA|NA|1|cpu 66002 0 60902 1581731 767 0 1835 0 0 0|795935|51000|3822904|3104648|1716306|191074|8266334|15913644|3|NA|NA
474.014|2026-07-25T05:46:01.625Z|48|Charging|7842000|NA|11400000|18346000|38000000|NA|NA|NA|NA|1|cpu 66049 0 60954 1582818 767 0 1836 0 0 0|797122|51000|3822904|3097992|1716306|191082|8268172|15917168|3|NA|NA
477.015|2026-07-25T05:46:04.606Z|48|Charging|7842000|NA|11400000|18346000|38000000|NA|NA|NA|NA|1|cpu 66119 0 61038 1583832 767 0 1838 0 0 0|796611|51000|3822904|3105700|1716306|191202|8276782|15935438|3|NA|NA
480.015|2026-07-25T05:46:07.623Z|48|Charging|7842000|NA|11400000|18346000|38000000|NA|NA|NA|NA|1|cpu 66155 0 61082 1584928 767 0 1838 0 0 0|795927|51000|3822904|3097140|1716306|191202|8280644|15945352|3|NA|NA
483.015|2026-07-25T05:46:10.612Z|48|Charging|7844000|NA|11400000|18346000|38000000|NA|NA|NA|NA|1|cpu 66251 0 61185 1585903 768 0 1840 0 0 0|795927|51000|3822904|3108584|1716306|191338|8287468|15957444|3|NA|NA
486.015|2026-07-25T05:46:13.608Z|48|Charging|7842000|NA|11400000|18346000|38000000|NA|NA|NA|NA|1|cpu 66338 0 61244 1586931 768 0 1841 0 0 0|795486|51000|3822904|3104840|1716306|191338|8291204|15967816|3|NA|NA
489.015|2026-07-25T05:46:16.607Z|49|Charging|7844000|NA|11400000|18726000|38000000|NA|NA|NA|NA|1|cpu 66400 0 61322 1587964 769 0 1842 0 0 0|795927|51000|3822904|3105376|1716306|191474|8298348|15980152|3|NA|NA
492.015|2026-07-25T05:46:19.625Z|49|Charging|7844000|NA|11400000|18726000|38000000|NA|NA|NA|NA|1|cpu 66453 0 61371 1589042 769 0 1842 0 0 0|795927|51000|3822904|3088240|1716306|191570|8299892|15983392|3|NA|NA
495.016|2026-07-25T05:46:22.621Z|49|Charging|7846000|NA|11400000|18726000|38000000|NA|NA|NA|NA|1|cpu 66607 0 61475 1589956 770 0 1844 0 0 0|795935|51000|3822904|3095640|1716306|191730|8313565|16007421|3|NA|NA
498.015|2026-07-25T05:46:25.609Z|49|Charging|7846000|NA|11400000|18726000|38000000|NA|NA|NA|NA|1|cpu 66648 0 61519 1591055 770 0 1844 0 0 0|795919|51000|3822904|3094544|1716306|191730|8316739|16012287|3|NA|NA
501.014|2026-07-25T05:46:28.591Z|49|Charging|7846000|NA|11400000|18726000|38000000|NA|NA|NA|NA|1|cpu 66725 0 61617 1592038 770 0 1847 0 0 0|795911|51000|3822904|3099956|1716306|191866|8325713|16031505|3|NA|NA
504.015|2026-07-25T05:46:31.614Z|49|Charging|7846000|NA|11400000|18726000|38000000|NA|NA|NA|NA|1|cpu 66779 0 61663 1593123 770 0 1847 0 0 0|795927|51000|3822904|3115460|1716306|191874|8327325|16034363|3|NA|NA
507.015|2026-07-25T05:46:34.593Z|49|Charging|7848000|NA|11400000|18726000|38000000|NA|NA|NA|NA|1|cpu 66846 0 61749 1594134 771 0 1849 0 0 0|796260|51000|3822904|3100640|1716306|191994|8336611|16053675|3|NA|NA
510.015|2026-07-25T05:46:37.610Z|49|Charging|7848000|NA|11400000|18726000|38000000|NA|NA|NA|NA|1|cpu 66881 0 61789 1595248 772 0 1849 0 0 0|795927|51000|3822904|3105624|1716306|192450|8337995|16056155|3|NA|NA
513.014|2026-07-25T05:46:40.610Z|49|Charging|7848000|NA|11400000|18726000|38000000|NA|NA|NA|NA|1|cpu 66979 0 61896 1596205 772 0 1850 0 0 0|795927|51000|3822904|3109636|1716306|192546|8347525|16076221|3|NA|NA
516.015|2026-07-25T05:46:43.625Z|49|Charging|7848000|NA|11400000|18726000|38000000|NA|NA|NA|NA|1|cpu 67063 0 61949 1597251 772 0 1851 0 0 0|795927|51000|3822904|3097936|1716306|192546|8348615|16078465|3|NA|NA
519.015|2026-07-25T05:46:46.608Z|49|Charging|7848000|NA|11400000|18726000|38000000|NA|NA|NA|NA|1|cpu 67130 0 62035 1598266 773 0 1852 0 0 0|795782|51000|3822904|3104276|1716306|192682|8358171|16098295|3|NA|NA
522.015|2026-07-25T05:46:49.618Z|49|Charging|7850000|NA|11400000|18726000|38000000|NA|NA|NA|NA|1|cpu 67179 0 62082 1599348 773 0 1853 0 0 0|795927|51000|3822904|3098004|1716306|192682|8360075|16101711|3|NA|NA
525.015|2026-07-25T05:46:52.617Z|49|Charging|7852000|NA|11400000|18726000|38000000|NA|NA|NA|NA|1|cpu 67260 0 62181 1600338 773 0 1854 0 0 0|796708|51000|3822904|3102616|1716306|192794|8369546|16120653|3|NA|NA
528.015|2026-07-25T05:46:55.621Z|49|Charging|7850000|NA|11400000|18726000|38000000|NA|NA|NA|NA|1|cpu 67300 0 62220 1601447 773 0 1855 0 0 0|795201|51000|3822904|3098332|1716306|192914|8370826|16123273|3|NA|NA
531.016|2026-07-25T05:46:58.607Z|49|Charging|7850000|NA|11400000|18726000|38000000|NA|NA|NA|NA|1|cpu 67363 0 62307 1602460 773 0 1857 0 0 0|795919|51000|3822904|3104828|1716306|192954|8380532|16143103|3|NA|NA
534.016|2026-07-25T05:47:01.611Z|49|Charging|7852000|NA|11400000|18726000|38000000|NA|NA|NA|NA|1|cpu 67435 0 62363 1603518 773 0 1858 0 0 0|794835|51000|3822904|3105420|1716306|192962|8381517|16144625|3|NA|NA
537.015|2026-07-25T05:47:04.593Z|49|Charging|7852000|NA|11400000|18726000|38000000|NA|NA|NA|NA|1|cpu 67502 0 62450 1604527 774 0 1859 0 0 0|795927|51000|3822904|3103852|1716306|193106|8390947|16164931|3|NA|NA
540.015|2026-07-25T05:47:07.613Z|49|Charging|7852000|NA|11400000|18726000|38000000|NA|NA|NA|NA|1|cpu 67536 0 62485 1605649 774 0 1859 0 0 0|795927|51000|3822904|3106308|1716306|193106|8392397|16167505|3|NA|NA
543.014|2026-07-25T05:47:10.605Z|49|Charging|7852000|NA|11400000|18726000|38000000|NA|NA|NA|NA|1|cpu 67618 0 62582 1606630 774 0 1861 0 0 0|795927|51000|3822904|3098668|1716306|193162|8401699|16187113|3|NA|NA
546.016|2026-07-25T05:47:13.621Z|49|Charging|7854000|NA|11400000|18726000|38000000|NA|NA|NA|NA|1|cpu 67717 0 62646 1607657 774 0 1862 0 0 0|795478|51000|3822904|3096600|1716306|193194|8402189|16187821|3|NA|NA
549.015|2026-07-25T05:47:16.596Z|49|Charging|7856000|NA|11400000|18726000|38000000|NA|NA|NA|NA|1|cpu 67756 0 62688 1608751 774 0 1863 0 0 0|795927|51000|3822904|3109628|1716306|193194|8405727|16195097|3|NA|NA
552.015|2026-07-25T05:47:19.608Z|49|Charging|7856000|NA|11400000|18726000|38000000|NA|NA|NA|NA|1|cpu 67838 0 62780 1609749 774 0 1864 0 0 0|795927|52000|3822904|3092960|1716306|193322|8412721|16209965|3|NA|NA
555.014|2026-07-25T05:47:22.598Z|49|Charging|7856000|NA|11400000|18726000|38000000|NA|NA|NA|NA|1|cpu 67889 0 62833 1610820 774 0 1865 0 0 0|795935|51000|3822904|3099636|1716306|193330|8416247|16219419|3|NA|NA
558.017|2026-07-25T05:47:25.608Z|49|Charging|7856000|NA|11400000|18726000|38000000|NA|NA|NA|NA|1|cpu 67958 0 62916 1611844 775 0 1867 0 0 0|796152|51000|3822904|3098048|1716306|193402|8423539|16232369|3|NA|NA
561.014|2026-07-25T05:47:28.606Z|49|Charging|7856000|NA|11400000|18726000|38000000|NA|NA|NA|NA|1|cpu 67991 0 62963 1612938 775 0 1868 0 0 0|796286|51000|3822904|3095032|1716306|193514|8427491|16241965|3|NA|NA
564.016|2026-07-25T05:47:31.607Z|49|Charging|7856000|NA|11400000|18726000|38000000|NA|NA|NA|NA|1|cpu 68089 0 63062 1613914 775 0 1869 0 0 0|795927|51000|3822904|3102724|1716306|193514|8434515|16254419|3|NA|NA
567.014|2026-07-25T05:47:34.599Z|49|Charging|7856000|NA|11400000|18726000|38000000|NA|NA|NA|NA|1|cpu 68123 0 63112 1615005 775 0 1870 0 0 0|795927|51000|3822904|3108584|1716306|193618|8438629|16264581|3|NA|NA
570.015|2026-07-25T05:47:37.611Z|49|Charging|7856000|NA|11400000|18726000|38000000|NA|NA|NA|NA|1|cpu 68189 0 63193 1616036 775 0 1871 0 0 0|795927|51000|3822904|3104960|1716306|193738|8445623|16277141|3|NA|NA
573.015|2026-07-25T05:47:40.615Z|49|Charging|7856000|NA|11400000|18726000|38000000|NA|NA|NA|NA|1|cpu 68242 0 63240 1617119 776 0 1871 0 0 0|795525|51000|3822904|3097924|1716306|193810|8446603|16278827|3|NA|NA
576.014|2026-07-25T05:47:43.613Z|49|Charging|7858000|NA|11400000|18726000|38000000|NA|NA|NA|NA|1|cpu 68371 0 63348 1618042 776 0 1873 0 0 0|795927|52000|3822904|3099832|1716306|193818|8455074|16297123|3|NA|NA
579.015|2026-07-25T05:47:46.619Z|49|Charging|7858000|NA|11400000|18726000|38000000|NA|NA|NA|NA|1|cpu 68412 0 63386 1619152 776 0 1873 0 0 0|795903|51000|3822904|3101104|1716306|193946|8456522|16299969|3|NA|NA
582.015|2026-07-25T05:47:49.611Z|50|Charging|7858000|NA|11400000|19114000|38000000|NA|NA|NA|NA|1|cpu 68448 0 63423 1620265 776 0 1873 0 0 0|795176|51000|3822904|3105692|1716306|193946|8457288|16301373|3|NA|NA
585.014|2026-07-25T05:47:52.593Z|50|Charging|7860000|NA|11400000|19114000|38000000|NA|NA|NA|NA|1|cpu 68543 0 63530 1621220 776 0 1875 0 0 0|795927|51000|3822904|3107912|1716306|194082|8466784|16323037|3|NA|NA
588.015|2026-07-25T05:47:55.629Z|50|Charging|7860000|NA|11400000|19114000|38000000|NA|NA|NA|NA|1|cpu 68580 0 63572 1622333 776 0 1876 0 0 0|795927|51000|3822904|3105812|1716306|194090|8468676|16326271|3|NA|NA
591.015|2026-07-25T05:47:58.592Z|50|Charging|7860000|NA|11400000|19114000|38000000|NA|NA|NA|NA|1|cpu 68650 0 63661 1623336 777 0 1878 0 0 0|795927|51000|3822904|3109752|1716306|194226|8478094|16345677|3|NA|NA
594.015|2026-07-25T05:48:01.624Z|50|Charging|7862000|NA|11400000|19114000|38000000|NA|NA|NA|NA|1|cpu 68700 0 63708 1624427 777 0 1878 0 0 0|795927|51000|3822904|3102068|1716306|194234|8479010|16347245|3|NA|NA
597.015|2026-07-25T05:48:04.603Z|50|Charging|7862000|NA|11400000|19114000|38000000|NA|NA|NA|NA|1|cpu 68777 0 63813 1625407 777 0 1881 0 0 0|795532|51000|3822904|3109876|1716306|194362|8489493|16368293|3|NA|NA
