0.011|2026-07-25T05:38:08.199Z|8|Discharging|6852000|356000|NA|NA|NA|280000|3500000|NA|NA|0|cpu 6187871 19656 3556862 138255757 47089 0 363176 0 0 0|795927|45000|3829108|1948460|13922748|41860498|15528450|16277352|4|3.75%|57.61MiB / 3.652GiB
3.015|2026-07-25T05:38:11.212Z|8|Discharging|6852000|366000|NA|NA|NA|280000|3500000|NA|NA|0|cpu 6187946 19656 3556955 138256758 47091 0 363179 0 0 0|795927|45000|3829108|1930376|13922748|41861530|15528750|16277723|4|3.61%|57.85MiB / 3.652GiB
6.015|2026-07-25T05:38:14.197Z|8|Discharging|6852000|336000|NA|NA|NA|280000|3500000|NA|NA|0|cpu 6187986 19656 3556996 138257847 47096 0 363181 0 0 0|795927|45000|3829108|1941488|13922748|41863498|15528899|16277874|4|0.64%|57.61MiB / 3.652GiB
9.014|2026-07-25T05:38:17.163Z|8|Discharging|6824000|366000|NA|NA|NA|280000|3500000|NA|NA|0|cpu 6188041 19656 3557059 138258883 47096 0 363184 0 0 0|795949|46000|3829108|1950344|13922748|41863506|15529075|16278102|4|5.43%|57.63MiB / 3.652GiB
12.015|2026-07-25T05:38:20.194Z|8|Discharging|6824000|356000|NA|NA|NA|280000|3500000|NA|NA|0|cpu 6188091 19656 3557127 138259959 47097 0 363187 0 0 0|795565|46000|3829108|1942040|13922748|41863722|15529368|16278421|4|0.61%|57.61MiB / 3.652GiB
15.015|2026-07-25T05:38:23.184Z|8|Discharging|6811000|356000|NA|NA|NA|280000|3500000|NA|NA|0|cpu 6188147 19656 3557186 138261004 47097 0 363189 0 0 0|795927|45000|3829108|1937600|13922748|41863730|15529516|16278620|4|5.75%|57.61MiB / 3.652GiB
18.014|2026-07-25T05:38:26.199Z|8|Discharging|6811000|366000|NA|NA|NA|280000|3500000|NA|NA|0|cpu 6188206 19656 3557263 138262063 47097 0 363192 0 0 0|795927|45000|3829108|1935604|13922748|41863770|15529822|16278950|4|0.62%|57.61MiB / 3.652GiB
21.014|2026-07-25T05:38:29.234Z|8|Discharging|6824000|297000|NA|NA|NA|280000|3500000|NA|NA|0|cpu 6188259 19656 3557327 138263126 47097 0 363195 0 0 0|795995|46000|3829108|1932476|13922748|41863786|15529991|16279178|4|5.78%|57.62MiB / 3.652GiB
24.015|2026-07-25T05:38:32.200Z|8|Discharging|6824000|356000|NA|NA|NA|280000|3500000|NA|NA|0|cpu 6188308 19656 3557395 138264178 47098 0 363198 0 0 0|795927|45000|3829108|1940344|13922748|41863962|15530260|16279476|4|0.65%|57.61MiB / 3.652GiB
27.014|2026-07-25T05:38:35.168Z|8|Discharging|6811000|326000|NA|NA|NA|280000|3500000|NA|NA|0|cpu 6188367 19656 3557459 138265207 47098 0 363199 0 0 0|796519|45000|3829108|1939236|13922748|41863970|15530433|16279704|4|5.88%|57.62MiB / 3.652GiB
30.015|2026-07-25T05:38:38.197Z|8|Discharging|6811000|396000|NA|NA|NA|280000|3500000|NA|NA|0|cpu 6188415 19656 3557533 138266282 47098 0 363202 0 0 0|795927|45000|3829108|1943052|13922748|41864058|15530712|16280013|4|0.62%|57.61MiB / 3.652GiB
33.014|2026-07-25T05:38:41.151Z|8|Discharging|6811000|326000|NA|NA|NA|280000|3500000|NA|NA|0|cpu 6188479 19656 3557598 138267309 47099 0 363204 0 0 0|795911|45000|3829108|1938872|13922748|41864178|15530905|16280262|4|5.38%|57.86MiB / 3.652GiB
36.015|2026-07-25T05:38:44.198Z|8|Discharging|6811000|376000|NA|NA|NA|280000|3500000|NA|NA|0|cpu 6188524 19656 3557664 138268388 47103 0 363207 0 0 0|795927|45000|3829108|1929836|13922748|41865834|15531166|16280548|4|0.61%|57.61MiB / 3.652GiB
39.015|2026-07-25T05:38:47.165Z|8|Discharging|6811000|356000|NA|NA|NA|280000|3500000|NA|NA|0|cpu 6188584 19656 3557732 138269414 47104 0 363208 0 0 0|796141|45000|3829108|1929976|13922748|41866026|15531338|16280774|4|5.75%|57.61MiB / 3.652GiB
42.014|2026-07-25T05:38:50.198Z|8|Discharging|6797000|405000|NA|NA|NA|280000|3500000|NA|NA|0|cpu 6188636 19656 3557798 138270493 47104 0 363212 0 0 0|795935|45000|3829108|1936048|13922748|41866042|15531622|16281081|4|0.62%|57.61MiB / 3.652GiB
45.015|2026-07-25T05:38:53.156Z|8|Discharging|6811000|306000|NA|NA|NA|280000|3500000|NA|NA|0|cpu 6188694 19656 3557863 138271530 47104 0 363213 0 0 0|795927|45000|3829108|1945636|13922748|41866266|15531766|16281276|4|5.24%|57.61MiB / 3.652GiB
48.014|2026-07-25T05:38:56.196Z|8|Discharging|6811000|336000|NA|NA|NA|280000|3500000|NA|NA|0|cpu 6188745 19656 3557928 138272609 47104 0 363216 0 0 0|795927|45000|3829108|1947908|13922748|41866282|15531960|16281491|4|2.32%|57.61MiB / 3.652GiB
51.014|2026-07-25T05:38:59.214Z|8|Discharging|6811000|316000|NA|NA|NA|280000|3500000|NA|NA|0|cpu 6188778 19656 3557968 138273713 47105 0 363219 0 0 0|796132|45000|3829108|1945544|13922748|41866466|15532126|16281666|4|1.05%|57.61MiB / 3.652GiB
54.014|2026-07-25T05:39:02.219Z|8|Discharging|6824000|297000|NA|NA|NA|280000|3500000|NA|NA|0|cpu 6188821 19656 3558013 138274809 47105 0 363220 0 0 0|795927|45000|3829108|1945844|13922748|41866474|15532235|16281813|4|4.45%|57.61MiB / 3.652GiB
57.017|2026-07-25T05:39:05.211Z|8|Discharging|6824000|495000|NA|NA|NA|280000|3500000|NA|NA|0|cpu 6189058 19656 3558174 138275555 47105 0 363224 0 0 0|795776|46000|3829108|1948124|13922748|41866538|15532503|16282121|4|3.18%|57.61MiB / 3.652GiB
60.014|2026-07-25T05:39:08.147Z|8|Discharging|6811000|366000|NA|NA|NA|280000|3500000|NA|NA|0|cpu 6189093 19656 3558216 138276633 47105 0 363226 0 0 0|795935|45000|3829108|1946160|13922748|41866546|15532641|16282263|4|0.61%|57.61MiB / 3.652GiB
63.014|2026-07-25T05:39:11.197Z|8|Discharging|6811000|346000|NA|NA|NA|280000|3500000|NA|NA|0|cpu 6189156 19656 3558286 138277677 47106 0 363228 0 0 0|795927|45000|3829108|1931956|13922748|41866922|15532862|16282533|4|4.17%|57.63MiB / 3.652GiB
66.014|2026-07-25T05:39:14.198Z|8|Discharging|6811000|356000|NA|NA|NA|280000|3500000|NA|NA|0|cpu 6189207 19656 3558351 138278753 47111 0 363233 0 0 0|795927|45000|3829108|1930264|13922748|41868626|15533116|16282812|4|0.63%|57.62MiB / 3.652GiB
69.015|2026-07-25T05:39:17.216Z|8|Discharging|6811000|306000|NA|NA|NA|280000|3500000|NA|NA|0|cpu 6189243 19656 3558399 138279849 47111 0 363235 0 0 0|795927|45000|3829108|1932740|13922748|41868986|15533214|16282958|4|8.09%|57.62MiB / 3.652GiB
72.016|2026-07-25T05:39:20.198Z|8|Discharging|6811000|366000|NA|NA|NA|280000|3500000|NA|NA|0|cpu 6189313 19656 3558483 138280865 47111 0 363238 0 0 0|795927|45000|3829108|1916336|13922748|41869090|15533555|16283341|4|0.63%|57.62MiB / 3.652GiB
75.016|2026-07-25T05:39:23.264Z|8|Discharging|6811000|316000|NA|NA|NA|280000|3500000|NA|NA|0|cpu 6189369 19656 3558547 138281928 47111 0 363241 0 0 0|795903|46000|3829108|1932008|13922748|41869178|15533745|16283591|4|5.18%|57.63MiB / 3.652GiB
78.014|2026-07-25T05:39:26.197Z|7|Discharging|6769000|415000|NA|NA|NA|245000|3500000|NA|NA|0|cpu 6189422 19656 3558620 138282971 47112 0 363243 0 0 0|795927|45000|3829108|1936248|13922748|41869386|15534001|16283872|4|0.63%|57.62MiB / 3.652GiB
81.014|2026-07-25T05:39:29.165Z|7|Discharging|6769000|346000|NA|NA|NA|245000|3500000|NA|NA|0|cpu 6189482 19656 3558685 138284004 47112 0 363245 0 0 0|796255|45000|3829108|1933660|13922748|41869402|15534170|16284092|4|6.38%|57.62MiB / 3.652GiB
84.015|2026-07-25T05:39:32.204Z|7|Discharging|6769000|435000|NA|NA|NA|245000|3500000|NA|NA|0|cpu 6189530 19656 3558754 138285080 47113 0 363249 0 0 0|795805|45000|3829108|1935336|13922748|41869674|15534458|16284408|4|0.62%|57.62MiB / 3.652GiB
87.014|2026-07-25T05:39:35.259Z|7|Discharging|6769000|287000|NA|NA|NA|245000|3500000|NA|NA|0|cpu 6189593 19656 3558817 138286138 47113 0 363252 0 0 0|795903|46000|3829108|1936328|13922748|41869682|15534641|16284635|4|5.50%|57.62MiB / 3.652GiB
90.016|2026-07-25T05:39:38.149Z|7|Discharging|6769000|465000|NA|NA|NA|245000|3500000|NA|NA|0|cpu 6189799 19656 3558932 138286957 47115 0 363256 0 0 0|795935|45000|3829108|1923124|13922748|41870506|15534943|16284968|4|0.61%|57.62MiB / 3.652GiB
93.015|2026-07-25T05:39:41.163Z|7|Discharging|6797000|326000|NA|NA|NA|245000|3500000|NA|NA|0|cpu 6189863 19656 3559005 138287998 47116 0 363258 0 0 0|795927|45000|3829108|1919976|13922748|41870666|15535162|16285241|4|5.86%|57.62MiB / 3.652GiB
96.015|2026-07-25T05:39:44.198Z|7|Discharging|6797000|366000|NA|NA|NA|245000|3500000|NA|NA|0|cpu 6189914 19656 3559072 138289072 47120 0 363261 0 0 0|795927|45000|3829108|1916180|13922748|41872330|15535416|16285518|4|0.62%|57.62MiB / 3.652GiB
99.015|2026-07-25T05:39:47.149Z|7|Discharging|6755000|336000|NA|NA|NA|245000|3500000|NA|NA|0|cpu 6189980 19656 3559140 138290090 47123 0 363263 0 0 0|795927|46000|3829108|1931748|13922748|41873690|15535591|16285753|4|5.75%|57.62MiB / 3.652GiB
102.014|2026-07-25T05:39:50.206Z|7|Discharging|6755000|425000|NA|NA|NA|245000|3500000|NA|NA|0|cpu 6190026 19656 3559203 138291176 47124 0 363266 0 0 0|795927|45000|3829108|1923944|13922748|41873754|15535864|16286054|4|0.63%|57.62MiB / 3.652GiB
105.015|2026-07-25T05:39:53.163Z|7|Discharging|6797000|376000|NA|NA|NA|245000|3500000|NA|NA|0|cpu 6190082 19656 3559266 138292212 47124 0 363267 0 0 0|795935|46000|3829108|1932328|13922748|41873826|15536026|16286260|4|6.62%|57.62MiB / 3.652GiB
108.015|2026-07-25T05:39:56.148Z|7|Discharging|6797000|405000|NA|NA|NA|245000|3500000|NA|NA|0|cpu 6190157 19656 3559369 138293205 47124 0 363272 0 0 0|795927|46000|3829108|1938072|13922748|41873930|15536343|16286615|4|0.62%|57.62MiB / 3.652GiB
111.014|2026-07-25T05:39:59.177Z|7|Discharging|6783000|425000|NA|NA|NA|245000|3500000|NA|NA|0|cpu 6190221 19656 3559437 138294252 47127 0 363275 0 0 0|795935|46000|3829108|1924372|13922748|41875234|15536578|16286916|4|5.22%|57.62MiB / 3.652GiB
114.015|2026-07-25T05:40:02.197Z|7|Discharging|6783000|366000|NA|NA|NA|245000|3500000|NA|NA|0|cpu 6190268 19656 3559507 138295326 47127 0 363277 0 0 0|796155|45000|3829108|1921132|13922748|41875570|15536818|16287178|4|0.62%|57.62MiB / 3.652GiB
117.015|2026-07-25T05:40:05.171Z|7|Discharging|6783000|346000|NA|NA|NA|245000|3500000|NA|NA|0|cpu 6190332 19656 3559579 138296341 47127 0 363278 0 0 0|795927|45000|3829108|1935468|13922748|41875578|15537019|16287436|4|4.61%|57.64MiB / 3.652GiB
120.014|2026-07-25T05:40:08.206Z|7|Discharging|6769000|366000|NA|NA|NA|245000|3500000|NA|NA|0|cpu 6190374 19656 3559643 138297434 47129 0 363281 0 0 0|795927|45000|3829108|1923792|13922748|41876178|15537256|16287698|4|0.61%|57.62MiB / 3.652GiB
123.014|2026-07-25T05:40:11.151Z|6|Discharging|6769000|346000|NA|NA|NA|210000|3500000|NA|NA|0|cpu 6190445 19656 3559711 138298446 47129 0 363283 0 0 0|796172|45000|3829108|1921304|13922748|41876194|15537463|16287962|4|4.86%|57.87MiB / 3.652GiB
126.015|2026-07-25T05:40:14.202Z|6|Discharging|6769000|435000|NA|NA|NA|210000|3500000|NA|NA|0|cpu 6190497 19656 3559774 138299522 47136 0 363287 0 0 0|795927|45000|3829108|1928540|13922748|41878426|15537720|16288232|4|0.63%|57.62MiB / 3.652GiB
129.014|2026-07-25T05:40:17.215Z|6|Discharging|6769000|366000|NA|NA|NA|210000|3500000|NA|NA|0|cpu 6190527 19656 3559810 138300641 47137 0 363288 0 0 0|795935|46000|3829108|1931716|13922748|41878706|15537749|16288265|4|8.21%|57.65MiB / 3.652GiB
132.016|2026-07-25T05:40:20.215Z|6|Discharging|6783000|396000|NA|NA|NA|210000|3500000|NA|NA|0|cpu 6190602 19656 3559905 138301635 47137 0 363292 0 0 0|795927|45000|3829108|1933964|13922748|41878778|15538150|16288747|4|0.75%|57.63MiB / 3.652GiB
135.014|2026-07-25T05:40:23.199Z|6|Discharging|6783000|366000|NA|NA|NA|210000|3500000|NA|NA|0|cpu 6190633 19656 3559945 138302749 47137 0 363292 0 0 0|795927|45000|3829108|1931272|13922748|41878826|15538194|16288798|4|11.11%|57.64MiB / 3.652GiB
138.015|2026-07-25T05:40:26.208Z|6|Discharging|6783000|386000|NA|NA|NA|210000|3500000|NA|NA|0|cpu 6190714 19656 3560041 138303740 47138 0 363297 0 0 0|795927|45000|3829108|1931028|13922748|41878930|15538629|16289322|4|0.65%|57.64MiB / 3.652GiB
141.015|2026-07-25T05:40:29.237Z|6|Discharging|6783000|356000|NA|NA|NA|210000|3500000|NA|NA|0|cpu 6190753 19656 3560090 138304833 47138 0 363298 0 0 0|795927|45000|3829108|1936864|13922748|41879018|15538746|16289493|4|7.26%|57.64MiB / 3.652GiB
144.014|2026-07-25T05:40:32.200Z|6|Discharging|6769000|415000|NA|NA|NA|210000|3500000|NA|NA|0|cpu 6190817 19656 3560169 138305862 47138 0 363302 0 0 0|795927|45000|3829108|1917584|13922748|41879026|15539061|16289849|4|0.60%|57.64MiB / 3.652GiB
147.015|2026-07-25T05:40:35.286Z|6|Discharging|6769000|346000|NA|NA|NA|210000|3500000|NA|NA|0|cpu 6190872 19656 3560236 138306937 47138 0 363304 0 0 0|795927|45000|3829108|1925808|13922748|41879266|15539230|16290065|4|5.81%|57.64MiB / 3.652GiB
150.014|2026-07-25T05:40:38.202Z|6|Discharging|6755000|435000|NA|NA|NA|210000|3500000|NA|NA|0|cpu 6190929 19656 3560300 138307969 47139 0 363307 0 0 0|795927|45000|3829108|1924836|13922748|41879290|15539518|16290376|4|0.63%|57.64MiB / 3.652GiB
153.015|2026-07-25T05:40:41.166Z|6|Discharging|6755000|277000|NA|NA|NA|210000|3500000|NA|NA|0|cpu 6190986 19656 3560365 138309002 47139 0 363309 0 0 0|795927|46000|3829108|1926040|13922748|41879298|15539689|16290595|4|6.27%|57.67MiB / 3.652GiB
156.015|2026-07-25T05:40:44.199Z|6|Discharging|6755000|366000|NA|NA|NA|210000|3500000|NA|NA|0|cpu 6191042 19656 3560433 138310069 47144 0 363313 0 0 0|795927|45000|3829108|1927688|13922748|41881050|15539977|16290911|4|0.59%|57.65MiB / 3.652GiB
159.015|2026-07-25T05:40:47.154Z|6|Discharging|6755000|336000|NA|NA|NA|210000|3500000|NA|NA|0|cpu 6191105 19656 3560496 138311098 47144 0 363315 0 0 0|795611|46000|3829108|1926812|13922748|41881218|15540153|16291137|4|6.34%|57.66MiB / 3.652GiB
162.015|2026-07-25T05:40:50.203Z|6|Discharging|6783000|376000|NA|NA|NA|210000|3500000|NA|NA|0|cpu 6191151 19656 3560562 138312180 47144 0 363318 0 0 0|795927|45000|3829108|1917636|13922748|41881218|15540434|16291450|4|0.61%|57.65MiB / 3.652GiB
165.016|2026-07-25T05:40:53.179Z|6|Discharging|6783000|356000|NA|NA|NA|210000|3500000|NA|NA|0|cpu 6191203 19656 3560624 138313219 47144 0 363320 0 0 0|796027|46000|3829108|1923160|13922748|41881266|15540612|16291678|4|6.42%|57.9MiB / 3.652GiB
168.015|2026-07-25T05:40:56.200Z|6|Discharging|6783000|415000|NA|NA|NA|210000|3500000|NA|NA|0|cpu 6191256 19656 3560702 138314285 47144 0 363325 0 0 0|795787|45000|3829108|1929256|13922748|41881378|15540906|16291994|4|0.60%|57.65MiB / 3.652GiB
171.016|2026-07-25T05:40:59.178Z|6|Discharging|6769000|415000|NA|NA|NA|210000|3500000|NA|NA|0|cpu 6191316 19656 3560770 138315313 47145 0 363327 0 0 0|795927|46000|3829108|1932488|13922748|41881570|15541102|16292252|4|6.00%|57.66MiB / 3.652GiB
174.015|2026-07-25T05:41:02.195Z|6|Discharging|6755000|386000|NA|NA|NA|210000|3500000|NA|NA|0|cpu 6191368 19656 3560832 138316392 47145 0 363329 0 0 0|795762|45000|3829108|1939884|13922748|41881578|15541378|16292557|4|0.62%|57.65MiB / 3.652GiB
177.014|2026-07-25T05:41:05.149Z|6|Discharging|6755000|405000|NA|NA|NA|210000|3500000|NA|NA|0|cpu 6191430 19656 3560903 138317409 47145 0 363331 0 0 0|795927|46000|3829108|1944740|13922748|41881634|15541619|16292867|4|5.47%|57.66MiB / 3.652GiB
180.015|2026-07-25T05:41:08.198Z|6|Discharging|6755000|346000|NA|NA|NA|210000|3500000|NA|NA|0|cpu 6191469 19656 3560970 138318505 47145 0 363334 0 0 0|795927|45000|3829108|1935416|13922748|41881642|15541820|16293085|4|0.62%|57.66MiB / 3.652GiB
183.014|2026-07-25T05:41:11.188Z|6|Discharging|6727000|356000|NA|NA|NA|210000|3500000|NA|NA|0|cpu 6191533 19656 3561046 138319514 47146 0 363335 0 0 0|795879|46000|3829108|1943552|13922748|41881818|15542067|16293389|4|1.67%|57.66MiB / 3.652GiB
186.015|2026-07-25T05:41:14.198Z|6|Discharging|6727000|346000|NA|NA|NA|210000|3500000|NA|NA|0|cpu 6191583 19656 3561108 138320598 47150 0 363339 0 0 0|795927|46000|3829108|1939128|13922748|41883554|15542280|16293620|4|0.62%|57.66MiB / 3.652GiB
189.015|2026-07-25T05:41:17.210Z|6|Discharging|6769000|306000|NA|NA|NA|210000|3500000|NA|NA|0|cpu 6191615 19656 3561149 138321710 47151 0 363340 0 0 0|795927|46000|3829108|1940144|13922748|41883778|15542341|16293699|4|7.57%|57.67MiB / 3.652GiB
192.016|2026-07-25T05:41:20.202Z|6|Discharging|6769000|425000|NA|NA|NA|210000|3500000|NA|NA|0|cpu 6191684 19656 3561246 138322714 47151 0 363345 0 0 0|795927|45000|3829108|1937964|13922748|41884010|15542728|16294149|4|0.74%|57.66MiB / 3.652GiB
195.014|2026-07-25T05:41:23.225Z|6|Discharging|6769000|425000|NA|NA|NA|210000|3500000|NA|NA|0|cpu 6191720 19656 3561295 138323810 47152 0 363346 0 0 0|795935|45000|3829108|1940492|13922748|41884090|15542842|16294314|4|7.47%|57.68MiB / 3.652GiB
198.015|2026-07-25T05:41:26.197Z|6|Discharging|6769000|376000|NA|NA|NA|210000|3500000|NA|NA|0|cpu 6191797 19656 3561381 138324816 47152 0 363350 0 0 0|795927|45000|3829108|1948044|13922748|41884178|15543172|16294696|4|0.59%|57.66MiB / 3.652GiB
201.014|2026-07-25T05:41:29.226Z|6|Discharging|6741000|297000|NA|NA|NA|210000|3500000|NA|NA|0|cpu 6191829 19656 3561422 138325926 47152 0 363351 0 0 0|795951|45000|3829108|1944276|13922748|41884298|15543240|16294795|4|8.15%|57.68MiB / 3.652GiB
204.014|2026-07-25T05:41:32.200Z|6|Discharging|6741000|356000|NA|NA|NA|210000|3500000|NA|NA|0|cpu 6191905 19656 3561512 138326931 47152 0 363354 0 0 0|796136|45000|3829108|1930188|13922748|41884410|15543606|16295225|4|0.61%|57.66MiB / 3.652GiB
207.014|2026-07-25T05:41:35.249Z|6|Discharging|6741000|346000|NA|NA|NA|210000|3500000|NA|NA|0|cpu 6191941 19656 3561562 138328023 47152 0 363356 0 0 0|795927|45000|3829108|1944172|13922748|41884602|15543728|16295394|4|7.61%|57.67MiB / 3.652GiB
210.015|2026-07-25T05:41:38.206Z|6|Discharging|6741000|376000|NA|NA|NA|210000|3500000|NA|NA|0|cpu 6192012 19656 3561643 138329043 47152 0 363359 0 0 0|795935|46000|3829108|1939680|13922748|41884690|15544049|16295760|4|0.62%|57.66MiB / 3.652GiB
213.014|2026-07-25T05:41:41.230Z|6|Discharging|6741000|356000|NA|NA|NA|210000|3500000|NA|NA|0|cpu 6192053 19656 3561697 138330128 47153 0 363361 0 0 0|795927|46000|3829108|1945352|13922748|41884818|15544209|16295975|4|5.94%|57.91MiB / 3.652GiB
216.015|2026-07-25T05:41:44.198Z|6|Discharging|6741000|415000|NA|NA|NA|210000|3500000|NA|NA|0|cpu 6192119 19656 3561781 138331147 47158 0 363365 0 0 0|795539|46000|3829108|1939044|13922748|41886602|15544500|16296295|4|0.62%|57.66MiB / 3.652GiB
219.015|2026-07-25T05:41:47.173Z|6|Discharging|6755000|326000|NA|NA|NA|210000|3500000|NA|NA|0|cpu 6192179 19656 3561842 138332180 47158 0 363367 0 0 0|795927|46000|3829108|1934080|13922748|41886690|15544677|16296530|4|5.19%|57.69MiB / 3.652GiB
222.015|2026-07-25T05:41:50.201Z|6|Discharging|6755000|336000|NA|NA|NA|210000|3500000|NA|NA|0|cpu 6192230 19656 3561910 138333258 47158 0 363371 0 0 0|795927|46000|3829108|1926816|13922748|41886786|15544952|16296835|4|0.60%|57.67MiB / 3.652GiB
225.015|2026-07-25T05:41:53.158Z|6|Discharging|6755000|316000|NA|NA|NA|210000|3500000|NA|NA|0|cpu 6192290 19656 3561977 138334287 47158 0 363374 0 0 0|795927|45000|3829108|1929524|13922748|41886866|15545158|16297109|4|5.08%|57.67MiB / 3.652GiB
228.015|2026-07-25T05:41:56.210Z|6|Discharging|6741000|356000|NA|NA|NA|210000|3500000|NA|NA|0|cpu 6192337 19656 3562041 138335371 47158 0 363377 0 0 0|795927|46000|3829108|1924852|13922748|41886874|15545388|16297360|4|0.62%|57.67MiB / 3.652GiB
231.014|2026-07-25T05:41:59.184Z|6|Discharging|6741000|356000|NA|NA|NA|210000|3500000|NA|NA|0|cpu 6192404 19656 3562107 138336390 47159 0 363379 0 0 0|795927|45000|3829108|1933496|13922748|41887058|15545589|16297619|4|5.00%|57.68MiB / 3.652GiB
234.015|2026-07-25T05:42:02.200Z|6|Discharging|6741000|366000|NA|NA|NA|210000|3500000|NA|NA|0|cpu 6192451 19656 3562170 138337482 47159 0 363382 0 0 0|795579|45000|3829108|1932500|13922748|41887066|15545837|16297895|4|0.63%|57.67MiB / 3.652GiB
237.015|2026-07-25T05:42:05.165Z|6|Discharging|6741000|366000|NA|NA|NA|210000|3500000|NA|NA|0|cpu 6192513 19656 3562241 138338501 47159 0 363384 0 0 0|795935|45000|3829108|1932152|13922748|41887106|15546044|16298159|4|4.41%|57.67MiB / 3.652GiB
240.015|2026-07-25T05:42:08.198Z|6|Discharging|6741000|356000|NA|NA|NA|210000|3500000|NA|NA|0|cpu 6192557 19656 3562303 138339592 47159 0 363387 0 0 0|796821|45000|3829108|1919828|13922748|41887114|15546290|16298432|4|0.62%|57.67MiB / 3.652GiB
243.015|2026-07-25T05:42:11.168Z|6|Discharging|6741000|376000|NA|NA|NA|210000|3500000|NA|NA|0|cpu 6192616 19656 3562372 138340622 47160 0 363388 0 0 0|795769|46000|3829108|1913740|13922748|41887290|15546473|16298672|4|5.54%|57.92MiB / 3.652GiB
246.015|2026-07-25T05:42:14.208Z|6|Discharging|6713000|366000|NA|NA|NA|210000|3500000|NA|NA|0|cpu 6192664 19656 3562437 138341705 47160 0 363391 0 0 0|796969|45000|3829108|1919972|13922748|41887298|15546747|16298966|4|0.60%|57.68MiB / 3.652GiB
249.014|2026-07-25T05:42:17.148Z|6|Discharging|6713000|346000|NA|NA|NA|210000|3500000|NA|NA|0|cpu 6192731 19656 3562510 138342710 47166 0 363394 0 0 0|795927|45000|3829108|1922216|13922748|41889258|15546952|16299222|4|5.41%|57.68MiB / 3.652GiB
252.015|2026-07-25T05:42:20.200Z|6|Discharging|6741000|376000|NA|NA|NA|210000|3500000|NA|NA|0|cpu 6192776 19656 3562571 138343803 47166 0 363397 0 0 0|795927|45000|3829108|1926444|13922748|41889266|15547228|16299510|4|1.06%|57.68MiB / 3.652GiB
255.015|2026-07-25T05:42:23.165Z|6|Discharging|6741000|366000|NA|NA|NA|210000|3500000|NA|NA|0|cpu 6192837 19656 3562642 138344823 47167 0 363400 0 0 0|796035|46000|3829108|1923516|13922748|41889562|15547456|16299783|4|5.37%|57.7MiB / 3.652GiB
258.015|2026-07-25T05:42:26.196Z|6|Discharging|6741000|356000|NA|NA|NA|210000|3500000|NA|NA|0|cpu 6192886 19656 3562708 138345903 47167 0 363402 0 0 0|795927|45000|3829108|1917032|13922748|41889570|15547710|16300060|4|0.92%|57.68MiB / 3.652GiB
261.015|2026-07-25T05:42:29.153Z|6|Discharging|6741000|425000|NA|NA|NA|210000|3500000|NA|NA|0|cpu 6192945 19656 3562774 138346927 47168 0 363405 0 0 0|795927|46000|3829108|1915732|13922748|41889882|15547910|16300318|4|5.22%|57.94MiB / 3.652GiB
264.015|2026-07-25T05:42:32.206Z|6|Discharging|6741000|346000|NA|NA|NA|210000|3500000|NA|NA|0|cpu 6192982 19656 3562838 138348024 47168 0 363408 0 0 0|795927|45000|3829108|1927564|13922748|41889890|15548132|16300572|4|1.48%|57.68MiB / 3.652GiB
267.014|2026-07-25T05:42:35.202Z|6|Discharging|6699000|376000|NA|NA|NA|210000|3500000|NA|NA|0|cpu 6193017 19656 3562878 138349133 47168 0 363409 0 0 0|795927|45000|3829108|1928684|13922748|41889970|15548162|16300606|4|0.61%|57.68MiB / 3.652GiB
270.017|2026-07-25T05:42:38.210Z|6|Discharging|6699000|297000|NA|NA|NA|210000|3500000|NA|NA|0|cpu 6193095 19656 3562967 138350141 47168 0 363413 0 0 0|795935|45000|3829108|1925016|13922748|41889978|15548459|16300973|4|5.62%|57.69MiB / 3.652GiB
273.015|2026-07-25T05:42:41.199Z|6|Discharging|6741000|386000|NA|NA|NA|210000|3500000|NA|NA|0|cpu 6193129 19656 3563009 138351243 47169 0 363416 0 0 0|796295|45000|3829108|1918772|13922748|41890074|15548616|16301141|4|0.75%|57.69MiB / 3.652GiB
276.015|2026-07-25T05:42:44.149Z|6|Discharging|6741000|386000|NA|NA|NA|210000|3500000|NA|NA|0|cpu 6193197 19656 3563099 138352232 47169 0 363418 0 0 0|796918|46000|3829108|1928572|13922748|41890162|15548915|16301516|4|5.99%|57.69MiB / 3.652GiB
279.015|2026-07-25T05:42:47.198Z|6|Discharging|6741000|356000|NA|NA|NA|210000|3500000|NA|NA|0|cpu 6193238 19656 3563140 138353344 47174 0 363419 0 0 0|795927|46000|3829108|1919420|13922748|41891842|15549072|16301678|4|2.17%|57.7MiB / 3.652GiB
282.014|2026-07-25T05:42:50.206Z|6|Discharging|6741000|366000|NA|NA|NA|210000|3500000|NA|NA|0|cpu 6193312 19656 3563230 138354350 47174 0 363423 0 0 0|795927|45000|3829108|1925568|13922748|41891938|15549378|16302052|4|5.63%|57.7MiB / 3.652GiB
285.015|2026-07-25T05:42:53.199Z|6|Discharging|6713000|376000|NA|NA|NA|210000|3500000|NA|NA|0|cpu 6193348 19656 3563272 138355453 47174 0 363425 0 0 0|796261|45000|3829108|1933788|13922748|41892114|15549533|16302212|4|0.68%|57.7MiB / 3.652GiB
288.016|2026-07-25T05:42:56.143Z|6|Discharging|6713000|326000|NA|NA|NA|210000|3500000|NA|NA|0|cpu 6193420 19656 3563367 138356436 47174 0 363428 0 0 0|795927|46000|3829108|1918892|13922748|41892242|15549839|16302591|4|5.92%|57.7MiB / 3.652GiB
291.015|2026-07-25T05:42:59.198Z|6|Discharging|6713000|386000|NA|NA|NA|210000|3500000|NA|NA|0|cpu 6193453 19656 3563407 138357564 47175 0 363431 0 0 0|796024|46000|3829108|1916612|13922748|41892434|15550003|16302762|4|2.24%|57.7MiB / 3.652GiB
294.015|2026-07-25T05:43:02.201Z|6|Discharging|6713000|297000|NA|NA|NA|210000|3500000|NA|NA|0|cpu 6193532 19656 3563496 138358566 47175 0 363436 0 0 0|796298|46000|3829108|1916300|13922748|41892442|15550328|16303161|4|5.93%|57.71MiB / 3.652GiB
297.015|2026-07-25T05:43:05.207Z|6|Discharging|6727000|366000|NA|NA|NA|210000|3500000|NA|NA|0|cpu 6193565 19656 3563536 138359674 47176 0 363437 0 0 0|795555|45000|3829108|1924592|13922748|41892474|15550478|16303316|4|1.67%|57.7MiB / 3.652GiB
300.015|2026-07-25T05:43:08.153Z|6|Discharging|6727000|336000|NA|NA|NA|210000|3500000|NA|NA|0|cpu 6193636 19656 3563625 138360656 47176 0 363440 0 0 0|795927|45000|3829108|1918528|13922748|41892490|15550796|16303708|4|4.91%|57.7MiB / 3.652GiB
303.014|2026-07-25T05:43:11.198Z|5|Discharging|6672000|376000|NA|NA|NA|175000|3500000|NA|NA|0|cpu 6193671 19656 3563669 138361781 47176 0 363441 0 0 0|795927|46000|3829108|1923248|13922748|41892666|15550931|16303855|4|4.47%|57.7MiB / 3.652GiB
306.016|2026-07-25T05:43:14.144Z|5|Discharging|6672000|386000|NA|NA|NA|175000|3500000|NA|NA|0|cpu 6193744 19656 3563758 138362767 47176 0 363444 0 0 0|795533|45000|3829108|1931764|13922748|41892674|15551234|16304229|4|4.96%|57.7MiB / 3.652GiB
309.014|2026-07-25T05:43:17.197Z|5|Discharging|6672000|386000|NA|NA|NA|175000|3500000|NA|NA|0|cpu 6193785 19656 3563801 138363880 47181 0 363446 0 0 0|795927|46000|3829108|1917076|13922748|41894378|15551380|16304384|4|5.43%|57.71MiB / 3.652GiB
312.015|2026-07-25T05:43:20.146Z|5|Discharging|6727000|356000|NA|NA|NA|175000|3500000|NA|NA|0|cpu 6193857 19656 3563890 138364867 47181 0 363449 0 0 0|795927|45000|3829108|1927404|13922748|41894482|15551683|16304759|4|3.38%|57.72MiB / 3.652GiB
315.015|2026-07-25T05:43:23.199Z|5|Discharging|6727000|336000|NA|NA|NA|175000|3500000|NA|NA|0|cpu 6193888 19656 3563933 138365992 47182 0 363451 0 0 0|797657|45000|3829108|1931240|13922748|41894706|15551853|16304929|4|0.62%|57.7MiB / 3.652GiB
318.015|2026-07-25T05:43:26.199Z|5|Discharging|6699000|287000|NA|NA|NA|175000|3500000|NA|NA|0|cpu 6193948 19656 3564006 138367004 47184 0 363454 0 0 0|795919|46000|3829108|1924636|13922748|41895034|15552075|16305207|4|7.33%|57.7MiB / 3.652GiB
321.016|2026-07-25T05:43:29.200Z|5|Discharging|6699000|376000|NA|NA|NA|175000|3500000|NA|NA|0|cpu 6193999 19656 3564065 138368094 47185 0 363458 0 0 0|795546|45000|3829108|1921796|13922748|41895362|15552299|16305456|4|0.62%|57.7MiB / 3.652GiB
324.014|2026-07-25T05:43:32.211Z|5|Discharging|6713000|356000|NA|NA|NA|175000|3500000|NA|NA|0|cpu 6194067 19656 3564156 138369109 47185 0 363461 0 0 0|797349|45000|3829108|1932400|13922748|41895370|15552594|16305826|4|5.40%|57.7MiB / 3.652GiB
327.015|2026-07-25T05:43:35.202Z|5|Discharging|6713000|376000|NA|NA|NA|175000|3500000|NA|NA|0|cpu 6194102 19656 3564196 138370214 47185 0 363462 0 0 0|795927|46000|3829108|1927916|13922748|41895402|15552728|16305972|4|5.28%|57.71MiB / 3.652GiB
330.014|2026-07-25T05:43:38.160Z|5|Discharging|6699000|386000|NA|NA|NA|175000|3500000|NA|NA|0|cpu 6194173 19656 3564291 138371193 47185 0 363466 0 0 0|795927|46000|3829108|1919660|13922748|41895410|15553039|16306359|4|4.54%|57.7MiB / 3.652GiB
333.015|2026-07-25T05:43:41.198Z|5|Discharging|6699000|386000|NA|NA|NA|175000|3500000|NA|NA|0|cpu 6194212 19656 3564332 138372315 47186 0 363468 0 0 0|796279|46000|3829108|1926724|13922748|41895602|15553195|16306524|4|1.94%|57.96MiB / 3.652GiB
336.015|2026-07-25T05:43:44.216Z|5|Discharging|6699000|336000|NA|NA|NA|175000|3500000|NA|NA|0|cpu 6194281 19656 3564420 138373331 47186 0 363472 0 0 0|795927|46000|3829108|1927476|13922748|41895610|15553516|16306916|4|4.15%|57.71MiB / 3.652GiB
339.015|2026-07-25T05:43:47.197Z|5|Discharging|6699000|396000|NA|NA|NA|175000|3500000|NA|NA|0|cpu 6194324 19656 3564464 138374417 47190 0 363474 0 0 0|795927|46000|3829108|1928020|13922748|41897306|15553667|16307076|4|0.64%|57.71MiB / 3.652GiB
342.015|2026-07-25T05:43:50.213Z|5|Discharging|6699000|366000|NA|NA|NA|175000|3500000|NA|NA|0|cpu 6194395 19656 3564548 138375430 47190 0 363478 0 0 0|795911|46000|3829108|1921856|13922748|41897410|15553947|16307425|4|5.87%|57.71MiB / 3.652GiB
345.015|2026-07-25T05:43:53.199Z|5|Discharging|6699000|396000|NA|NA|NA|175000|3500000|NA|NA|0|cpu 6194433 19656 3564588 138376530 47191 0 363481 0 0 0|795927|45000|3829108|1930692|13922748|41897506|15554118|16307607|4|0.60%|57.71MiB / 3.652GiB
348.014|2026-07-25T05:43:56.250Z|5|Discharging|6685000|316000|NA|NA|NA|175000|3500000|NA|NA|0|cpu 6194507 19656 3564674 138377560 47191 0 363482 0 0 0|795951|46000|3829108|1924040|13922748|41897586|15554387|16307944|4|6.01%|57.71MiB / 3.652GiB
351.015|2026-07-25T05:43:59.201Z|5|Discharging|6685000|405000|NA|NA|NA|175000|3500000|NA|NA|0|cpu 6194544 19656 3564716 138378642 47191 0 363485 0 0 0|795927|46000|3829108|1927604|13922748|41897602|15554571|16308140|4|0.60%|57.71MiB / 3.652GiB
354.015|2026-07-25T05:44:02.222Z|5|Discharging|6685000|396000|NA|NA|NA|175000|3500000|NA|NA|0|cpu 6194614 19656 3564804 138379654 47192 0 363487 0 0 0|796325|46000|3829108|1917136|13922748|41897778|15554880|16308520|4|5.96%|57.72MiB / 3.652GiB
357.015|2026-07-25T05:44:05.200Z|5|Discharging|6685000|396000|NA|NA|NA|175000|3500000|NA|NA|0|cpu 6194656 19656 3564844 138380753 47192 0 363489 0 0 0|795927|46000|3829108|1920376|13922748|41897786|15555045|16308693|4|2.22%|57.71MiB / 3.652GiB
360.015|2026-07-25T05:44:08.225Z|5|Discharging|6685000|297000|NA|NA|NA|175000|3500000|NA|NA|0|cpu 6194885 19656 3564991 138381523 47192 0 363493 0 0 0|795927|46000|3829108|1928052|13922748|41897850|15555300|16309004|4|5.00%|57.72MiB / 3.652GiB
363.015|2026-07-25T05:44:11.144Z|5|Discharging|6658000|445000|NA|NA|NA|175000|3500000|NA|NA|0|cpu 6194931 19656 3565057 138382561 47192 0 363496 0 0 0|795927|46000|3829108|1931276|13922748|41897874|15555524|16309254|4|0.63%|57.71MiB / 3.652GiB
366.014|2026-07-25T05:44:14.177Z|5|Discharging|6658000|306000|NA|NA|NA|175000|3500000|NA|NA|0|cpu 6194989 19656 3565125 138383608 47193 0 363498 0 0 0|796260|46000|3829108|1923032|13922748|41898050|15555720|16309506|4|7.03%|57.72MiB / 3.652GiB
369.015|2026-07-25T05:44:17.215Z|4|Discharging|6672000|405000|NA|NA|NA|140000|3500000|NA|NA|0|cpu 6195041 19656 3565189 138384686 47197 0 363502 0 0 0|795927|46000|3829108|1916644|13922748|41899706|15555964|16309773|4|0.63%|57.71MiB / 3.652GiB
372.014|2026-07-25T05:44:20.204Z|4|Discharging|6672000|396000|NA|NA|NA|140000|3500000|NA|NA|0|cpu 6195112 19656 3565280 138385696 47197 0 363506 0 0 0|795927|46000|3829108|1922952|13922748|41899810|15556245|16310117|4|5.83%|57.72MiB / 3.652GiB
375.016|2026-07-25T05:44:23.198Z|4|Discharging|6685000|415000|NA|NA|NA|140000|3500000|NA|NA|0|cpu 6195147 19656 3565324 138386796 47197 0 363507 0 0 0|795903|46000|3829108|1928840|13922748|41899906|15556429|16310312|4|0.64%|57.71MiB / 3.652GiB
378.016|2026-07-25T05:44:26.212Z|4|Discharging|6685000|306000|NA|NA|NA|140000|3500000|NA|NA|0|cpu 6195216 19656 3565419 138387803 47197 0 363511 0 0 0|795927|46000|3829108|1934652|13922748|41899986|15556741|16310691|4|5.85%|57.71MiB / 3.652GiB
381.014|2026-07-25T05:44:29.199Z|4|Discharging|6672000|386000|NA|NA|NA|140000|3500000|NA|NA|0|cpu 6195256 19656 3565463 138388898 47198 0 363514 0 0 0|795927|46000|3829108|1925212|13922748|41900186|15556897|16310850|4|2.63%|57.72MiB / 3.652GiB
384.016|2026-07-25T05:44:32.206Z|4|Discharging|6672000|316000|NA|NA|NA|140000|3500000|NA|NA|0|cpu 6195326 19656 3565551 138389908 47199 0 363516 0 0 0|795935|46000|3829108|1918184|13922748|41900642|15557205|16311228|4|5.98%|57.85MiB / 3.652GiB
387.014|2026-07-25T05:44:35.201Z|4|Discharging|6672000|386000|NA|NA|NA|140000|3500000|NA|NA|0|cpu 6195362 19656 3565593 138391013 47199 0 363518 0 0 0|795824|46000|3829108|1929124|13922748|41900650|15557355|16311383|4|2.67%|57.86MiB / 3.652GiB
390.015|2026-07-25T05:44:38.217Z|4|Discharging|6672000|356000|NA|NA|NA|140000|3500000|NA|NA|0|cpu 6195429 19656 3565687 138392021 47199 0 363521 0 0 0|795927|46000|3829108|1924992|13922748|41900690|15557665|16311762|4|5.30%|57.85MiB / 3.652GiB
393.015|2026-07-25T05:44:41.145Z|4|Discharging|6672000|445000|NA|NA|NA|140000|3500000|NA|NA|0|cpu 6195470 19656 3565724 138393100 47199 0 363523 0 0 0|795927|46000|3829108|1932356|13922748|41900698|15557817|16311920|4|3.94%|57.87MiB / 3.652GiB
396.014|2026-07-25T05:44:44.143Z|4|Discharging|6672000|346000|NA|NA|NA|140000|3500000|NA|NA|0|cpu 6195542 19656 3565814 138394110 47200 0 363527 0 0 0|795951|46000|3829108|1921344|13922748|41900874|15558133|16312300|4|5.23%|57.86MiB / 3.652GiB
399.015|2026-07-25T05:44:47.198Z|4|Discharging|6672000|376000|NA|NA|NA|140000|3500000|NA|NA|0|cpu 6195581 19656 3565855 138395224 47204 0 363529 0 0 0|795927|46000|3829108|1922392|13922748|41902538|15558312|16312462|4|0.63%|57.85MiB / 3.652GiB
402.015|2026-07-25T05:44:50.225Z|4|Discharging|6658000|316000|NA|NA|NA|140000|3500000|NA|NA|0|cpu 6195655 19656 3565948 138396230 47205 0 363534 0 0 0|795903|46000|3829108|1920464|13922748|41902698|15558615|16312840|4|5.62%|57.85MiB / 3.652GiB
405.014|2026-07-25T05:44:53.198Z|4|Discharging|6658000|405000|NA|NA|NA|140000|3500000|NA|NA|0|cpu 6195692 19656 3565991 138397327 47205 0 363536 0 0 0|795631|46000|3829108|1925620|13922748|41902714|15558760|16312996|4|3.80%|57.86MiB / 3.652GiB
408.015|2026-07-25T05:44:56.246Z|4|Discharging|6658000|415000|NA|NA|NA|140000|3500000|NA|NA|0|cpu 6195760 19656 3566083 138398357 47205 0 363540 0 0 0|795927|46000|3829108|1921756|13922748|41903058|15559058|16313368|4|3.21%|57.87MiB / 3.652GiB
411.015|2026-07-25T05:44:59.202Z|4|Discharging|6658000|366000|NA|NA|NA|140000|3500000|NA|NA|0|cpu 6195795 19656 3566126 138399438 47205 0 363543 0 0 0|795927|46000|3829108|1926800|13922748|41903074|15559215|16313529|4|0.60%|57.85MiB / 3.652GiB
414.015|2026-07-25T05:45:02.177Z|4|Discharging|6672000|366000|NA|NA|NA|140000|3500000|NA|NA|0|cpu 6195859 19656 3566196 138400463 47206 0 363545 0 0 0|795927|46000|3829108|1920380|13922748|41903266|15559406|16313781|4|7.74%|58.08MiB / 3.652GiB
417.016|2026-07-25T05:45:05.201Z|4|Discharging|6672000|405000|NA|NA|NA|140000|3500000|NA|NA|0|cpu 6195903 19656 3566262 138401545 47206 0 363550 0 0 0|796545|46000|3829108|1924268|13922748|41903730|15559674|16314075|4|0.61%|57.85MiB / 3.652GiB
420.015|2026-07-25T05:45:08.176Z|4|Discharging|6672000|356000|NA|NA|NA|140000|3500000|NA|NA|0|cpu 6195966 19656 3566346 138402549 47207 0 363552 0 0 0|795927|46000|3829108|1929728|13922748|41903810|15559912|16314375|4|5.08%|58.1MiB / 3.652GiB
423.014|2026-07-25T05:45:11.196Z|4|Discharging|6658000|386000|NA|NA|NA|140000|3500000|NA|NA|0|cpu 6196011 19656 3566400 138403653 47207 0 363555 0 0 0|795927|46000|3829108|1929156|13922748|41903890|15560120|16314605|4|0.63%|57.87MiB / 3.652GiB
426.015|2026-07-25T05:45:14.204Z|4|Discharging|6644000|316000|NA|NA|NA|140000|3500000|NA|NA|0|cpu 6196089 19656 3566488 138404656 47208 0 363559 0 0 0|795927|46000|3829108|1925888|13922748|41904218|15560423|16314979|4|5.83%|57.87MiB / 3.652GiB
429.015|2026-07-25T05:45:17.200Z|4|Discharging|6644000|396000|NA|NA|NA|140000|3500000|NA|NA|0|cpu 6196128 19656 3566531 138405750 47214 0 363560 0 0 0|795927|46000|3829108|1928136|13922748|41905978|15560580|16315142|4|2.03%|57.88MiB / 3.652GiB
432.016|2026-07-25T05:45:20.203Z|4|Discharging|6644000|366000|NA|NA|NA|140000|3500000|NA|NA|0|cpu 6196203 19656 3566623 138406754 47214 0 363564 0 0 0|795957|46000|3829108|1918564|13922748|41905986|15560888|16315528|4|5.25%|57.89MiB / 3.652GiB
435.015|2026-07-25T05:45:23.195Z|4|Discharging|6658000|396000|NA|NA|NA|140000|3500000|NA|NA|0|cpu 6196236 19656 3566665 138407859 47214 0 363567 0 0 0|795927|46000|3829108|1926120|13922748|41906226|15561034|16315689|4|3.77%|57.89MiB / 3.652GiB
438.015|2026-07-25T05:45:26.227Z|4|Discharging|6658000|386000|NA|NA|NA|140000|3500000|NA|NA|0|cpu 6196311 19656 3566754 138408874 47214 0 363570 0 0 0|795927|46000|3829108|1924860|13922748|41906402|15561341|16316072|4|5.92%|57.89MiB / 3.652GiB
441.014|2026-07-25T05:45:29.197Z|4|Discharging|6658000|386000|NA|NA|NA|140000|3500000|NA|NA|0|cpu 6196348 19656 3566799 138409963 47214 0 363572 0 0 0|795782|46000|3829108|1919740|13922748|41906418|15561497|16316232|4|2.19%|57.89MiB / 3.652GiB
444.015|2026-07-25T05:45:32.201Z|4|Discharging|6658000|306000|NA|NA|NA|140000|3500000|NA|NA|0|cpu 6196416 19656 3566891 138410972 47215 0 363576 0 0 0|795927|46000|3829108|1924464|13922748|41906826|15561800|16316597|4|5.86%|57.89MiB / 3.652GiB
447.014|2026-07-25T05:45:35.199Z|4|Discharging|6658000|386000|NA|NA|NA|140000|3500000|NA|NA|0|cpu 6196448 19656 3566931 138412079 47215 0 363578 0 0 0|795927|46000|3829108|1927732|13922748|41906834|15561959|16316766|4|2.09%|57.9MiB / 3.652GiB
450.015|2026-07-25T05:45:38.201Z|4|Discharging|6658000|316000|NA|NA|NA|140000|3500000|NA|NA|0|cpu 6196523 19656 3567024 138413080 47216 0 363581 0 0 0|796026|46000|3829108|1932376|13922748|41906978|15562253|16317141|4|5.26%|57.89MiB / 3.652GiB
453.015|2026-07-25T05:45:41.198Z|4|Discharging|6644000|386000|NA|NA|NA|140000|3500000|NA|NA|0|cpu 6196557 19656 3567069 138414184 47216 0 363583 0 0 0|796568|46000|3829108|1918516|13922748|41906986|15562403|16317301|4|3.39%|57.89MiB / 3.652GiB
456.014|2026-07-25T05:45:44.243Z|4|Discharging|6644000|445000|NA|NA|NA|140000|3500000|NA|NA|0|cpu 6196627 19656 3567160 138415208 47216 0 363587 0 0 0|795927|46000|3829108|1912480|13922748|41907186|15562720|16317692|4|4.12%|57.89MiB / 3.652GiB
459.015|2026-07-25T05:45:47.201Z|4|Discharging|6630000|376000|NA|NA|NA|140000|3500000|NA|NA|0|cpu 6196665 19656 3567198 138416299 47216 0 363590 0 0 0|795927|46000|3829108|1915088|13922748|41907194|15562861|16317841|4|0.63%|57.89MiB / 3.652GiB
462.015|2026-07-25T05:45:50.222Z|4|Discharging|6630000|326000|NA|NA|NA|140000|3500000|NA|NA|0|cpu 6196694 19656 3567237 138417412 47217 0 363591 0 0 0|795927|46000|3829108|1917792|13922748|41907258|15562899|16317887|4|8.68%|57.9MiB / 3.652GiB
465.018|2026-07-25T05:45:53.218Z|4|Discharging|6644000|415000|NA|NA|NA|140000|3500000|NA|NA|0|cpu 6196774 19656 3567329 138418411 47217 0 363596 0 0 0|795927|46000|3829108|1926340|13922748|41907274|15563296|16318358|4|0.63%|57.89MiB / 3.652GiB
468.015|2026-07-25T05:45:56.208Z|4|Discharging|6644000|366000|NA|NA|NA|140000|3500000|NA|NA|0|cpu 6196803 19656 3567369 138419523 47217 0 363596 0 0 0|795927|46000|3829108|1913816|13922748|41907474|15563332|16318402|4|10.61%|57.89MiB / 3.652GiB
471.015|2026-07-25T05:45:59.202Z|4|Discharging|6630000|405000|NA|NA|NA|140000|3500000|NA|NA|0|cpu 6196880 19656 3567463 138420522 47217 0 363600 0 0 0|796130|46000|3829108|1922752|13922748|41907482|15563750|16318916|4|0.57%|57.89MiB / 3.652GiB
474.015|2026-07-25T05:46:02.217Z|4|Discharging|6630000|346000|NA|NA|NA|140000|3500000|NA|NA|0|cpu 6196911 19656 3567502 138421633 47218 0 363601 0 0 0|795927|46000|3829108|1925448|13922748|41907562|15563768|16318933|4|10.02%|57.89MiB / 3.652GiB
477.016|2026-07-25T05:46:05.199Z|4|Discharging|6630000|396000|NA|NA|NA|140000|3500000|NA|NA|0|cpu 6196993 19656 3567598 138422622 47218 0 363604 0 0 0|795927|46000|3829108|1920328|13922748|41907666|15564197|16319453|4|0.62%|57.89MiB / 3.652GiB
480.014|2026-07-25T05:46:08.158Z|4|Discharging|6630000|425000|NA|NA|NA|140000|3500000|NA|NA|0|cpu 6197048 19656 3567661 138423658 47218 0 363607 0 0 0|795951|46000|3829108|1927808|13922748|41907746|15564375|16319687|4|7.46%|57.89MiB / 3.652GiB
483.015|2026-07-25T05:46:11.198Z|4|Discharging|6630000|405000|NA|NA|NA|140000|3500000|NA|NA|0|cpu 6197098 19656 3567735 138424738 47218 0 363608 0 0 0|796982|46000|3829108|1922988|13922748|41907754|15564639|16319979|4|0.63%|57.89MiB / 3.652GiB
486.015|2026-07-25T05:46:14.172Z|4|Discharging|6602000|376000|NA|NA|NA|140000|3500000|NA|NA|0|cpu 6197163 19656 3567816 138425743 47219 0 363610 0 0 0|795927|46000|3829108|1926980|13922748|41907858|15564857|16320254|4|2.97%|57.89MiB / 3.652GiB
489.015|2026-07-25T05:46:17.196Z|4|Discharging|6602000|326000|NA|NA|NA|140000|3500000|NA|NA|0|cpu 6197212 19656 3567869 138426835 47224 0 363614 0 0 0|795927|46000|3829108|1920260|13922748|41909634|15565104|16320516|4|0.62%|57.89MiB / 3.652GiB
492.015|2026-07-25T05:46:20.217Z|4|Discharging|6616000|396000|NA|NA|NA|140000|3500000|NA|NA|0|cpu 6197249 19656 3567912 138427940 47224 0 363615 0 0 0|795971|46000|3829108|1932948|13922748|41909778|15565183|16320629|4|8.36%|57.89MiB / 3.652GiB
495.014|2026-07-25T05:46:23.213Z|4|Discharging|6616000|326000|NA|NA|NA|140000|3500000|NA|NA|0|cpu 6197316 19656 3567998 138428954 47224 0 363618 0 0 0|795927|46000|3829108|1917156|13922748|41909786|15565537|16321042|4|0.75%|57.89MiB / 3.652GiB
498.015|2026-07-25T05:46:26.212Z|4|Discharging|6602000|415000|NA|NA|NA|140000|3500000|NA|NA|0|cpu 6197349 19656 3568036 138430069 47224 0 363619 0 0 0|795927|46000|3829108|1913376|13922748|41909962|15565561|16321063|4|9.08%|57.98MiB / 3.652GiB
501.015|2026-07-25T05:46:29.199Z|4|Discharging|6602000|376000|NA|NA|NA|140000|3500000|NA|NA|0|cpu 6197427 19656 3568133 138431063 47224 0 363624 0 0 0|795927|46000|3829108|1917444|13922748|41909970|15565990|16321574|4|0.63%|57.98MiB / 3.652GiB
504.015|2026-07-25T05:46:32.227Z|4|Discharging|6616000|356000|NA|NA|NA|140000|3500000|NA|NA|0|cpu 6197457 19656 3568171 138432177 47225 0 363624 0 0 0|796435|46000|3829108|1917504|13922748|41910178|15566027|16321614|4|8.70%|57.98MiB / 3.652GiB
507.016|2026-07-25T05:46:35.213Z|4|Discharging|6616000|405000|NA|NA|NA|140000|3500000|NA|NA|0|cpu 6197536 19656 3568263 138433177 47226 0 363630 0 0 0|795927|46000|3829108|1923192|13922748|41910442|15566441|16322098|4|0.62%|57.98MiB / 3.652GiB
510.015|2026-07-25T05:46:38.213Z|4|Discharging|6630000|386000|NA|NA|NA|140000|3500000|NA|NA|0|cpu 6197568 19656 3568301 138434289 47226 0 363631 0 0 0|795927|46000|3829108|1927912|13922748|41910538|15566458|16322116|4|9.01%|57.98MiB / 3.652GiB
513.015|2026-07-25T05:46:41.203Z|4|Discharging|6630000|435000|NA|NA|NA|140000|3500000|NA|NA|0|cpu 6197650 19656 3568398 138435279 47226 0 363636 0 0 0|795927|46000|3829108|1916748|13922748|41910626|15566897|16322640|4|0.62%|57.98MiB / 3.652GiB
516.015|2026-07-25T05:46:44.218Z|4|Discharging|6616000|386000|NA|NA|NA|140000|3500000|NA|NA|0|cpu 6197679 19656 3568434 138436397 47226 0 363636 0 0 0|795951|46000|3829108|1918152|13922748|41910626|15566928|16322675|4|7.83%|57.98MiB / 3.652GiB
519.015|2026-07-25T05:46:47.202Z|4|Discharging|6616000|396000|NA|NA|NA|140000|3500000|NA|NA|0|cpu 6197757 19656 3568529 138437384 47231 0 363641 0 0 0|797015|46000|3829108|1926116|13922748|41912386|15567334|16323169|4|0.61%|57.98MiB / 3.652GiB
522.014|2026-07-25T05:46:50.230Z|4|Discharging|6616000|336000|NA|NA|NA|140000|3500000|NA|NA|0|cpu 6197787 19656 3568567 138438502 47231 0 363641 0 0 0|795927|46000|3829108|1911428|13922748|41912554|15567348|16323184|4|8.88%|57.98MiB / 3.652GiB
525.016|2026-07-25T05:46:53.200Z|4|Discharging|6616000|356000|NA|NA|NA|140000|3500000|NA|NA|0|cpu 6197869 19656 3568672 138439485 47231 0 363647 0 0 0|796046|46000|3829108|1926596|13922748|41912570|15567802|16323718|4|0.67%|58.23MiB / 3.652GiB
528.015|2026-07-25T05:46:56.209Z|4|Discharging|6616000|386000|NA|NA|NA|140000|3500000|NA|NA|0|cpu 6197895 19656 3568709 138440605 47232 0 363647 0 0 0|795811|46000|3829108|1918532|13922748|41912858|15567842|16323769|4|8.61%|57.99MiB / 3.652GiB
531.014|2026-07-25T05:46:59.221Z|4|Discharging|6602000|396000|NA|NA|NA|140000|3500000|NA|NA|0|cpu 6197966 19656 3568804 138441608 47232 0 363651 0 0 0|795927|46000|3829108|1918052|13922748|41912866|15568242|16324240|4|0.63%|57.98MiB / 3.652GiB
534.015|2026-07-25T05:47:02.201Z|4|Discharging|6602000|376000|NA|NA|NA|140000|3500000|NA|NA|0|cpu 6198000 19656 3568848 138442716 47232 0 363651 0 0 0|796139|46000|3829108|1913264|13922748|41912914|15568287|16324295|4|10.27%|57.98MiB / 3.652GiB
537.015|2026-07-25T05:47:05.210Z|4|Discharging|6616000|386000|NA|NA|NA|140000|3500000|NA|NA|0|cpu 6198075 19656 3568941 138443716 47232 0 363655 0 0 0|795927|46000|3829108|1907932|13922748|41912954|15568673|16324771|4|0.62%|57.98MiB / 3.652GiB
540.015|2026-07-25T05:47:08.206Z|4|Discharging|6616000|346000|NA|NA|NA|140000|3500000|NA|NA|0|cpu 6198105 19656 3568981 138444829 47232 0 363655 0 0 0|795927|46000|3829108|1916888|13922748|41913130|15568728|16324830|4|9.64%|57.99MiB / 3.652GiB
543.015|2026-07-25T05:47:11.203Z|4|Discharging|6602000|366000|NA|NA|NA|140000|3500000|NA|NA|0|cpu 6198182 19656 3569073 138445826 47232 0 363660 0 0 0|795919|46000|3829108|1923456|13922748|41913138|15569137|16325332|4|0.61%|57.98MiB / 3.652GiB
546.014|2026-07-25T05:47:14.200Z|4|Discharging|6602000|336000|NA|NA|NA|140000|3500000|NA|NA|0|cpu 6198213 19656 3569114 138446938 47233 0 363661 0 0 0|796305|46000|3829108|1929944|13922748|41913170|15569170|16325364|4|0.90%|57.98MiB / 3.652GiB
549.014|2026-07-25T05:47:17.232Z|4|Discharging|6602000|297000|NA|NA|NA|140000|3500000|NA|NA|0|cpu 6198271 19656 3569175 138447998 47233 0 363662 0 0 0|795927|48000|3829108|1923644|13922748|41913186|15569331|16325572|4|5.73%|57.98MiB / 3.652GiB
552.015|2026-07-25T05:47:20.199Z|4|Discharging|6602000|396000|NA|NA|NA|140000|3500000|NA|NA|0|cpu 6198328 19656 3569243 138449040 47237 0 363666 0 0 0|795927|46000|3829108|1913508|13922748|41915090|15569617|16325893|4|0.85%|57.98MiB / 3.652GiB
555.015|2026-07-25T05:47:23.228Z|4|Discharging|6602000|346000|NA|NA|NA|140000|3500000|NA|NA|0|cpu 6198385 19656 3569311 138450095 47237 0 363668 0 0 0|796049|47000|3829108|1929136|13922748|41915114|15569804|16326137|4|5.67%|57.99MiB / 3.652GiB
558.015|2026-07-25T05:47:26.205Z|4|Discharging|6602000|415000|NA|NA|NA|140000|3500000|NA|NA|0|cpu 6198431 19656 3569379 138451149 47237 0 363672 0 0 0|795927|46000|3829108|1914920|13922748|41915298|15570080|16326438|4|0.91%|57.98MiB / 3.652GiB
561.015|2026-07-25T05:47:29.165Z|4|Discharging|6602000|386000|NA|NA|NA|140000|3500000|NA|NA|0|cpu 6198495 19656 3569439 138452183 47237 0 363674 0 0 0|795915|48000|3829108|1912336|13922748|41915306|15570244|16326649|4|5.47%|57.98MiB / 3.652GiB
564.015|2026-07-25T05:47:32.199Z|4|Discharging|6574000|386000|NA|NA|NA|140000|3500000|NA|NA|0|cpu 6198543 19656 3569510 138453259 47238 0 363678 0 0 0|796262|46000|3829108|1925936|13922748|41915354|15570543|16326974|4|0.93%|57.98MiB / 3.652GiB
567.014|2026-07-25T05:47:35.167Z|4|Discharging|6588000|306000|NA|NA|NA|140000|3500000|NA|NA|0|cpu 6198597 19656 3569578 138454289 47238 0 363680 0 0 0|795927|47000|3829108|1919352|13922748|41915530|15570729|16327208|4|5.09%|58MiB / 3.652GiB
570.015|2026-07-25T05:47:38.208Z|4|Discharging|6588000|366000|NA|NA|NA|140000|3500000|NA|NA|0|cpu 6198647 19656 3569642 138455370 47239 0 363685 0 0 0|795927|47000|3829108|1920124|13922748|41915914|15571012|16327503|4|0.93%|57.98MiB / 3.652GiB
573.015|2026-07-25T05:47:41.213Z|4|Discharging|6588000|316000|NA|NA|NA|140000|3500000|NA|NA|0|cpu 6198676 19656 3569680 138456486 47239 0 363686 0 0 0|795927|46000|3829108|1918584|13922748|41915922|15571035|16327527|4|8.65%|57.98MiB / 3.652GiB
576.015|2026-07-25T05:47:44.202Z|4|Discharging|6602000|455000|NA|NA|NA|140000|3500000|NA|NA|0|cpu 6198755 19656 3569773 138457481 47240 0 363689 0 0 0|795927|46000|3829108|1919732|13922748|41916018|15571388|16327965|4|2.70%|57.98MiB / 3.652GiB
579.015|2026-07-25T05:47:47.205Z|4|Discharging|6602000|336000|NA|NA|NA|140000|3500000|NA|NA|0|cpu 6198787 19656 3569811 138458594 47240 0 363690 0 0 0|795927|46000|3829108|1924688|13922748|41916082|15571457|16328039|4|0.62%|57.98MiB / 3.652GiB
582.015|2026-07-25T05:47:50.203Z|4|Discharging|6588000|346000|NA|NA|NA|140000|3500000|NA|NA|0|cpu 6198822 19656 3569850 138459700 47245 0 363691 0 0 0|796913|46000|3829108|1928212|13922748|41917994|15571478|16328062|4|9.95%|57.98MiB / 3.652GiB
585.015|2026-07-25T05:47:53.221Z|4|Discharging|6588000|366000|NA|NA|NA|140000|3500000|NA|NA|0|cpu 6198898 19656 3569939 138460701 47245 0 363695 0 0 0|795927|46000|3829108|1917896|13922748|41918002|15571893|16328563|4|0.64%|57.98MiB / 3.652GiB
588.014|2026-07-25T05:47:56.224Z|4|Discharging|6602000|356000|NA|NA|NA|140000|3500000|NA|NA|0|cpu 6198936 19656 3569980 138461807 47246 0 363696 0 0 0|795927|47000|3829108|1922636|13922748|41918186|15571918|16328591|4|8.58%|57.98MiB / 3.652GiB
591.015|2026-07-25T05:47:59.204Z|4|Discharging|6602000|405000|NA|NA|NA|140000|3500000|NA|NA|0|cpu 6199012 19656 3570074 138462806 47246 0 363700 0 0 0|795927|46000|3829108|1923296|13922748|41918194|15572356|16329105|4|0.65%|57.98MiB / 3.652GiB
594.014|2026-07-25T05:48:02.210Z|4|Discharging|6588000|386000|NA|NA|NA|140000|3500000|NA|NA|0|cpu 6199041 19656 3570112 138463922 47246 0 363700 0 0 0|795927|46000|3829108|1929128|13922748|41918258|15572382|16329133|4|8.43%|58MiB / 3.652GiB
597.016|2026-07-25T05:48:05.211Z|4|Discharging|6588000|366000|NA|NA|NA|140000|3500000|NA|NA|0|cpu 6199118 19656 3570208 138464917 47246 0 363705 0 0 0|795927|47000|3829108|1914624|13922748|41918266|15572812|16329647|4|1.43%|57.98MiB / 3.652GiB
